-- Lua simple XOR encrypt by Ganlv
-- https://github.com/ganlvtech/lua-simple-encrypt
key = gg.prompt({ "Password:" }, { "" }, { "text" })[1]
local a = load((function(b, c)
	function bxor(d, e)
		local f = { { 0, 1 }, { 1, 0 } }
		local g = 1
		local h = 0
		while d > 0 or e > 0 do
			h = h + f[d % 2 + 1][e % 2 + 1] * g
			d = math.floor(d / 2)
			e = math.floor(e / 2)
			g = g * 2
		end
		return h
	end
	local i = function(b)
		local j = {}
		local k = 1
		local l = b[k]
		while l >= 0 do
			j[k] = b[l + 1]
			k = k + 1
			l = b[k]
		end
		return j
	end
	local m = function(b, c)
		if #c <= 0 then
			return {}
		end
		local k = 1
		local n = 1
		for k = 1, #b do
			b[k] = bxor(b[k], string.byte(c, n))
			n = n + 1
			if n > #c then
				n = 1
			end
		end
		return b
	end
	local o = function(b)
		local j = ""
		for k = 1, #b do
			j = j .. string.char(b[k])
		end
		return j
	end
	return o(m(i(b), c))
end)({
	2618,
	2470,
	1794,
	2776,
	1704,
	2597,
	2535,
	3073,
	3024,
	1506,
	2281,
	2424,
	1653,
	1564,
	1677,
	2643,
	2276,
	2097,
	1757,
	2062,
	2279,
	3005,
	1690,
	2693,
	2255,
	3111,
	3034,
	1852,
	1612,
	2961,
	2341,
	2760,
	1583,
	1717,
	2305,
	1905,
	2655,
	2818,
	1973,
	1525,
	2117,
	2587,
	2779,
	2244,
	2061,
	2590,
	2002,
	1909,
	2238,
	1521,
	3118,
	2679,
	2066,
	2768,
	2725,
	1901,
	2613,
	1627,
	2580,
	1625,
	2612,
	1696,
	2320,
	3035,
	1648,
	1933,
	1965,
	1614,
	1950,
	1575,
	3131,
	1528,
	1858,
	1837,
	2965,
	2986,
	2750,
	2133,
	2538,
	2328,
	3082,
	2810,
	1699,
	2242,
	1947,
	2168,
	2467,
	1515,
	1535,
	2637,
	2633,
	2525,
	2650,
	2678,
	2663,
	2350,
	2326,
	1720,
	1703,
	3069,
	1894,
	1984,
	2930,
	2908,
	1814,
	2124,
	2910,
	2969,
	1850,
	2065,
	1980,
	2179,
	2879,
	3072,
	3084,
	2079,
	1813,
	3115,
	2993,
	2689,
	3042,
	2398,
	2154,
	2887,
	2426,
	2101,
	2131,
	2304,
	2355,
	3138,
	1594,
	2120,
	1727,
	1792,
	1784,
	2506,
	1520,
	3109,
	2665,
	2338,
	2175,
	2152,
	2769,
	2312,
	3025,
	2191,
	2395,
	2889,
	2456,
	2898,
	1638,
	2144,
	2526,
	2413,
	1635,
	1829,
	1671,
	2748,
	2362,
	2364,
	2720,
	3097,
	1700,
	2181,
	1540,
	2593,
	1876,
	2626,
	2454,
	1992,
	2861,
	2853,
	3068,
	2975,
	2717,
	1887,
	3121,
	2617,
	1512,
	2188,
	2863,
	1752,
	2925,
	2190,
	2936,
	2830,
	1718,
	1629,
	2009,
	2282,
	2058,
	2670,
	2318,
	3127,
	2091,
	2713,
	1747,
	2011,
	1626,
	2681,
	3081,
	1584,
	1839,
	2636,
	1923,
	1559,
	1989,
	1736,
	2752,
	2734,
	2054,
	1651,
	2588,
	2983,
	1560,
	2947,
	1924,
	1777,
	2146,
	2148,
	1819,
	2229,
	1658,
	2380,
	1998,
	1811,
	1775,
	1660,
	1588,
	2287,
	1863,
	2982,
	2086,
	2201,
	1617,
	2165,
	2161,
	2020,
	1674,
	2968,
	1546,
	2765,
	2928,
	2527,
	2813,
	1673,
	2688,
	2955,
	2478,
	2488,
	2835,
	2180,
	2269,
	1941,
	1914,
	2143,
	2292,
	2854,
	1585,
	1666,
	2808,
	1842,
	2787,
	2243,
	2756,
	1746,
	1885,
	2816,
	1882,
	2303,
	1513,
	1725,
	2072,
	2623,
	2545,
	1800,
	2316,
	3116,
	3002,
	2448,
	2715,
	2111,
	1603,
	2447,
	2323,
	2400,
	2351,
	3059,
	3022,
	1710,
	1812,
	3004,
	2731,
	2164,
	1840,
	1942,
	3075,
	2866,
	1574,
	1899,
	2067,
	2817,
	2862,
	2223,
	2660,
	3048,
	3090,
	2337,
	2938,
	1593,
	2592,
	1719,
	2023,
	1857,
	2991,
	2157,
	1949,
	2134,
	2334,
	2629,
	3108,
	2803,
	2922,
	2501,
	1659,
	2621,
	2045,
	1832,
	2283,
	1645,
	2018,
	2699,
	1878,
	2845,
	2324,
	2280,
	2068,
	3096,
	2370,
	1987,
	2183,
	2729,
	1756,
	3031,
	2914,
	2825,
	2231,
	1668,
	2856,
	2730,
	2831,
	2404,
	2155,
	1550,
	2899,
	2820,
	2753,
	2971,
	1684,
	2310,
	2659,
	1875,
	1730,
	2839,
	2225,
	2594,
	2403,
	2918,
	2123,
	1749,
	2934,
	2112,
	2442,
	2857,
	1913,
	2038,
	1978,
	2683,
	1929,
	2052,
	1554,
	2438,
	2563,
	2884,
	2744,
	2285,
	2376,
	2664,
	2558,
	2468,
	2090,
	1975,
	2566,
	2946,
	2261,
	2902,
	2344,
	2116,
	2548,
	2076,
	1598,
	3000,
	3077,
	1577,
	1993,
	1907,
	1573,
	1544,
	2498,
	2172,
	2432,
	2109,
	2962,
	2764,
	1869,
	1681,
	1948,
	1849,
	1939,
	3102,
	2963,
	1856,
	1701,
	3078,
	2169,
	2790,
	2264,
	2361,
	2809,
	1795,
	2347,
	2950,
	2888,
	1531,
	1816,
	2694,
	1762,
	2485,
	2270,
	2150,
	1970,
	2990,
	1990,
	3055,
	1596,
	3066,
	2985,
	2644,
	3029,
	2073,
	2608,
	2897,
	1702,
	2291,
	2496,
	1624,
	2069,
	2141,
	2480,
	2739,
	1563,
	2867,
	2205,
	2895,
	3011,
	2428,
	2567,
	2103,
	2314,
	2393,
	3009,
	2758,
	1759,
	3063,
	2047,
	2125,
	3123,
	1739,
	1826,
	2942,
	2882,
	1590,
	2631,
	2197,
	2342,
	2198,
	2709,
	3021,
	2528,
	1764,
	3098,
	3124,
	1954,
	2568,
	1841,
	2840,
	1943,
	2676,
	3036,
	2919,
	2374,
	1597,
	2927,
	1691,
	3060,
	2379,
	3007,
	1558,
	2806,
	2296,
	2738,
	1735,
	1767,
	1545,
	1556,
	2113,
	2297,
	2740,
	2272,
	2273,
	2707,
	2028,
	2093,
	1600,
	2554,
	2418,
	2476,
	2609,
	2251,
	2230,
	2783,
	2166,
	2523,
	2904,
	2921,
	2399,
	2941,
	3026,
	2570,
	2372,
	1960,
	2041,
	2842,
	2193,
	2189,
	3093,
	2083,
	1962,
	2167,
	1657,
	1824,
	2522,
	2445,
	1873,
	1793,
	2517,
	2479,
	2001,
	1712,
	2875,
	2788,
	1631,
	1902,
	2799,
	2850,
	1605,
	2226,
	1536,
	2021,
	2987,
	1986,
	1647,
	2006,
	1652,
	2708,
	1708,
	2900,
	1787,
	2373,
	1963,
	1610,
	2427,
	2105,
	2953,
	1644,
	2549,
	2462,
	2741,
	2429,
	2203,
	2751,
	2858,
	2095,
	3100,
	2108,
	2684,
	3049,
	2696,
	1715,
	2346,
	1538,
	2913,
	1940,
	2408,
	2944,
	1988,
	2253,
	2574,
	2004,
	1527,
	2132,
	2416,
	1831,
	1848,
	2202,
	2711,
	2118,
	2178,
	1669,
	1861,
	2923,
	2227,
	2199,
	1821,
	2935,
	2582,
	2620,
	2187,
	3051,
	2308,
	2624,
	2430,
	1599,
	1763,
	2705,
	1580,
	2482,
	2759,
	2948,
	2412,
	3058,
	3135,
	3113,
	2419,
	2573,
	1877,
	1693,
	2998,
	3064,
	1742,
	2640,
	2158,
	2602,
	2017,
	2844,
	2012,
	1926,
	2483,
	2026,
	1967,
	2728,
	2832,
	2807,
	1636,
	2315,
	2672,
	1678,
	1895,
	2106,
	2564,
	2099,
	2550,
	2960,
	3001,
	2749,
	2034,
	1566,
	2724,
	2649,
	2241,
	1698,
	2221,
	1737,
	2487,
	1820,
	1979,
	1731,
	2782,
	1663,
	2701,
	3008,
	2878,
	3010,
	2042,
	2126,
	2085,
	1855,
	2182,
	2742,
	2195,
	2865,
	2032,
	1646,
	3101,
	2451,
	1961,
	2959,
	1634,
	1891,
	2540,
	2022,
	2981,
	1509,
	2988,
	1892,
	2980,
	2043,
	2943,
	3037,
	2384,
	3040,
	2410,
	3043,
	3053,
	1728,
	1884,
	1675,
	1688,
	1916,
	2365,
	2443,
	2039,
	2893,
	2951,
	2829,
	2958,
	2110,
	2173,
	2777,
	2719,
	2014,
	1664,
	2671,
	2912,
	2349,
	1524,
	1676,
	2414,
	1880,
	1533,
	1618,
	2972,
	2294,
	2974,
	3014,
	2546,
	2661,
	2218,
	2556,
	2896,
	2792,
	1982,
	1977,
	3079,
	1991,
	2606,
	3133,
	3050,
	2772,
	1779,
	2440,
	2989,
	2926,
	2656,
	1581,
	2642,
	2695,
	1750,
	2441,
	2439,
	2333,
	2307,
	3046,
	2997,
	3117,
	2256,
	1890,
	2433,
	2356,
	1790,
	2267,
	1904,
	1956,
	2378,
	1834,
	2669,
	2260,
	2149,
	2385,
	1604,
	1799,
	1508,
	2966,
	2557,
	1825,
	2616,
	2657,
	2222,
	2868,
	2598,
	2894,
	3129,
	2322,
	2745,
	2703,
	2435,
	2329,
	1854,
	2634,
	2814,
	2212,
	1931,
	2680,
	2747,
	2153,
	1571,
	2330,
	2662,
	1836,
	2147,
	2911,
	2494,
	2208,
	2723,
	2771,
	2654,
	2484,
	1853,
	1743,
	2138,
	2368,
	2037,
	3018,
	1555,
	3028,
	1844,
	1817,
	1602,
	2390,
	2214,
	3110,
	2641,
	1953,
	2050,
	3039,
	1871,
	2301,
	2286,
	1709,
	2074,
	2271,
	2321,
	2761,
	1705,
	2102,
	2891,
	2381,
	1886,
	2457,
	2763,
	2024,
	2847,
	2464,
	2668,
	1623,
	2363,
	2275,
	1714,
	2933,
	1741,
	2805,
	2497,
	2658,
	2916,
	2411,
	1847,
	1803,
	3120,
	2586,
	2008,
	2257,
	2823,
	3027,
	2415,
	2692,
	1679,
	3070,
	2475,
	2046,
	1889,
	2685,
	1713,
	2849,
	1729,
	1807,
	2239,
	1872,
	2798,
	1888,
	2263,
	1685,
	1971,
	2358,
	2691,
	1802,
	2377,
	2176,
	2873,
	1650,
	2607,
	1567,
	2812,
	2954,
	1766,
	2674,
	2883,
	2335,
	1968,
	3003,
	2682,
	2909,
	2704,
	2562,
	2964,
	2248,
	2298,
	2789,
	1539,
	2461,
	2906,
	2846,
	2382,
	3044,
	2070,
	2336,
	2571,
	2698,
	3094,
	2836,
	2207,
	1936,
	3119,
	2886,
	1911,
	1974,
	2937,
	2211,
	2579,
	2615,
	1870,
	1774,
	2721,
	2924,
	2250,
	1896,
	2352,
	2869,
	1783,
	2555,
	2360,
	2773,
	1655,
	2277,
	2542,
	2031,
	1804,
	1591,
	1879,
	1952,
	2625,
	2383,
	2970,
	2366,
	1964,
	1620,
	1927,
	2999,
	2843,
	2531,
	3071,
	1687,
	3033,
	2247,
	1642,
	2343,
	2268,
	1692,
	2458,
	1586,
	3132,
	1670,
	1619,
	3006,
	2306,
	2104,
	2534,
	2714,
	1778,
	2519,
	1686,
	1576,
	2353,
	2217,
	3085,
	2529,
	2386,
	1937,
	2258,
	1932,
	3128,
	2932,
	2939,
	1561,
	2822,
	2733,
	2536,
	2514,
	2254,
	2151,
	1966,
	1565,
	2584,
	2114,
	1689,
	1745,
	2359,
	2736,
	2828,
	2044,
	2027,
	1823,
	2200,
	2492,
	1781,
	2048,
	1569,
	3092,
	2471,
	2604,
	2677,
	2060,
	1995,
	1786,
	2837,
	1851,
	2595,
	2053,
	1865,
	1706,
	2431,
	1782,
	2541,
	3054,
	1721,
	2436,
	2775,
	2446,
	2505,
	1827,
	2184,
	2786,
	2369,
	2848,
	2539,
	2401,
	2646,
	2667,
	2500,
	1541,
	2174,
	2278,
	1542,
	2302,
	2388,
	1549,
	2504,
	1726,
	1621,
	1755,
	1915,
	2585,
	2754,
	2215,
	1994,
	2877,
	2406,
	2452,
	2876,
	1665,
	2402,
	2007,
	1801,
	1639,
	3052,
	2423,
	2833,
	1866,
	2572,
	2224,
	1983,
	1976,
	2515,
	2311,
	2019,
	2743,
	2885,
	2979,
	3134,
	3112,
	2855,
	2080,
	2499,
	1534,
	2300,
	3019,
	1760,
	1818,
	2647,
	1608,
	3045,
	1734,
	1557,
	2591,
	3103,
	2767,
	2931,
	1776,
	1969,
	2737,
	2486,
	2639,
	3076,
	2162,
	3032,
	3067,
	1553,
	2653,
	1511,
	1815,
	2049,
	2128,
	3087,
	1798,
	1765,
	3104,
	2216,
	1758,
	1740,
	2532,
	2815,
	2576,
	2978,
	2778,
	1771,
	3091,
	2088,
	1985,
	2872,
	2697,
	1806,
	2340,
	2481,
	2249,
	2319,
	1633,
	2967,
	2391,
	1609,
	2652,
	2396,
	2127,
	2781,
	2130,
	2686,
	2274,
	2589,
	2140,
	2600,
	1519,
	2115,
	2139,
	2920,
	3012,
	1772,
	1846,
	2880,
	1548,
	1662,
	1641,
	2392,
	1578,
	2425,
	2204,
	2192,
	2422,
	1654,
	2284,
	3020,
	2437,
	1733,
	2299,
	2265,
	2220,
	2135,
	1537,
	2096,
	1622,
	2040,
	2288,
	1616,
	2235,
	2098,
	2852,
	3038,
	2082,
	2516,
	2755,
	2611,
	2064,
	2163,
	2129,
	1797,
	1543,
	1833,
	2601,
	1643,
	2219,
	1510,
	1910,
	2236,
	2841,
	2610,
	2228,
	1532,
	2628,
	1530,
	1862,
	1640,
	2903,
	3017,
	2892,
	2156,
	2466,
	2122,
	1637,
	2036,
	2511,
	3065,
	1529,
	2666,
	2016,
	2727,
	1518,
	1732,
	1611,
	2560,
	3088,
	1562,
	2029,
	2234,
	1809,
	2177,
	1859,
	2802,
	2826,
	2013,
	3106,
	2459,
	2262,
	2632,
	2295,
	2259,
	2160,
	1589,
	2035,
	2977,
	2495,
	2354,
	1972,
	2063,
	1523,
	1999,
	2860,
	2057,
	2575,
	1791,
	2213,
	3016,
	3095,
	3074,
	1753,
	2957,
	2460,
	2917,
	1900,
	2339,
	2762,
	1744,
	2473,
	2206,
	1649,
	3105,
	2077,
	1656,
	2100,
	2325,
	2186,
	2463,
	1667,
	2871,
	2455,
	2210,
	1864,
	2107,
	2905,
	2171,
	2864,
	3122,
	2434,
	1613,
	1930,
	2502,
	1661,
	2119,
	2732,
	2078,
	1748,
	2945,
	2651,
	2332,
	3041,
	2159,
	2252,
	1874,
	2289,
	1716,
	1754,
	1830,
	1917,
	1808,
	2638,
	1751,
	2630,
	3056,
	2293,
	2530,
	2059,
	1810,
	1868,
	2407,
	1552,
	2313,
	2605,
	1680,
	2317,
	2375,
	2071,
	2010,
	2490,
	2394,
	2791,
	2996,
	2357,
	1789,
	2774,
	2746,
	2142,
	1860,
	2513,
	2995,
	2622,
	2389,
	1595,
	1768,
	3015,
	1682,
	2371,
	2509,
	1722,
	1579,
	1570,
	1683,
	2327,
	2533,
	2472,
	1935,
	3023,
	1723,
	1955,
	1522,
	1507,
	1881,
	1770,
	1951,
	2089,
	3061,
	2577,
	2493,
	1912,
	2881,
	3099,
	2397,
	2232,
	2811,
	1867,
	2081,
	1551,
	2984,
	2084,
	1945,
	1788,
	2450,
	2599,
	1724,
	2094,
	2702,
	2992,
	2706,
	2056,
	3080,
	1547,
	1592,
	3057,
	2710,
	2956,
	1601,
	1843,
	1903,
	2387,
	1761,
	1959,
	2309,
	2952,
	2524,
	2245,
	2290,
	2819,
	1946,
	2834,
	2675,
	2578,
	2635,
	2051,
	1805,
	2793,
	2209,
	2794,
	3083,
	2559,
	1845,
	1883,
	2690,
	2551,
	1922,
	2915,
	1908,
	1628,
	2949,
	3107,
	2553,
	2465,
	2544,
	3125,
	2170,
	1996,
	2137,
	1587,
	1920,
	2824,
	2345,
	2718,
	2477,
	3013,
	2627,
	2859,
	2033,
	2000,
	1695,
	3086,
	2491,
	2237,
	2614,
	1526,
	1568,
	2552,
	2474,
	1582,
	2331,
	2757,
	2766,
	2489,
	2055,
	2827,
	1934,
	2246,
	-1,
	29,
	36,
	28,
	0,
	73,
	84,
	119,
	30,
	39,
	42,
	251,
	240,
	17,
	119,
	11,
	0,
	21,
	36,
	64,
	7,
	54,
	21,
	1,
	15,
	8,
	18,
	91,
	19,
	93,
	62,
	83,
	51,
	30,
	65,
	7,
	119,
	1,
	93,
	76,
	26,
	69,
	102,
	12,
	22,
	20,
	12,
	69,
	26,
	30,
	39,
	22,
	25,
	71,
	0,
	9,
	22,
	65,
	69,
	91,
	69,
	2,
	69,
	44,
	65,
	30,
	39,
	206,
	12,
	60,
	7,
	47,
	26,
	46,
	0,
	64,
	0,
	33,
	17,
	6,
	53,
	59,
	10,
	42,
	26,
	92,
	12,
	6,
	19,
	69,
	126,
	0,
	6,
	45,
	31,
	0,
	0,
	127,
	22,
	29,
	8,
	34,
	7,
	42,
	8,
	59,
	0,
	15,
	24,
	71,
	8,
	24,
	3,
	102,
	93,
	0,
	76,
	29,
	0,
	8,
	21,
	62,
	8,
	2,
	76,
	51,
	25,
	36,
	7,
	83,
	2,
	0,
	75,
	45,
	22,
	83,
	60,
	7,
	29,
	0,
	126,
	126,
	127,
	104,
	46,
	60,
	93,
	20,
	22,
	64,
	1,
	0,
	126,
	93,
	9,
	73,
	21,
	76,
	15,
	20,
	62,
	7,
	62,
	83,
	119,
	45,
	64,
	149,
	26,
	60,
	9,
	99,
	3,
	56,
	26,
	20,
	64,
	14,
	28,
	15,
	42,
	126,
	102,
	71,
	20,
	20,
	90,
	29,
	29,
	193,
	71,
	6,
	97,
	69,
	31,
	0,
	22,
	22,
	59,
	0,
	26,
	60,
	203,
	26,
	119,
	7,
	184,
	42,
	18,
	42,
	60,
	29,
	31,
	12,
	6,
	73,
	26,
	60,
	8,
	0,
	28,
	12,
	20,
	104,
	0,
	17,
	11,
	31,
	19,
	42,
	1,
	73,
	20,
	92,
	65,
	65,
	19,
	24,
	117,
	76,
	75,
	14,
	99,
	11,
	7,
	73,
	25,
	1,
	45,
	56,
	60,
	22,
	60,
	8,
	17,
	29,
	24,
	11,
	0,
	0,
	31,
	20,
	37,
	121,
	222,
	22,
	121,
	26,
	147,
	36,
	56,
	2,
	9,
	9,
	126,
	169,
	31,
	30,
	71,
	75,
	177,
	126,
	84,
	46,
	31,
	93,
	99,
	20,
	0,
	93,
	24,
	91,
	18,
	17,
	59,
	5,
	6,
	3,
	29,
	0,
	0,
	0,
	0,
	29,
	45,
	83,
	29,
	45,
	56,
	9,
	15,
	9,
	43,
	56,
	47,
	75,
	26,
	184,
	59,
	47,
	0,
	53,
	63,
	196,
	14,
	73,
	22,
	9,
	0,
	75,
	188,
	59,
	26,
	30,
	22,
	22,
	7,
	92,
	29,
	57,
	29,
	22,
	0,
	90,
	42,
	84,
	2,
	84,
	0,
	71,
	8,
	6,
	7,
	37,
	126,
	65,
	7,
	2,
	42,
	22,
	83,
	29,
	22,
	60,
	0,
	21,
	99,
	56,
	0,
	0,
	28,
	11,
	0,
	93,
	76,
	62,
	6,
	60,
	42,
	99,
	64,
	76,
	99,
	42,
	126,
	2,
	60,
	7,
	115,
	45,
	73,
	104,
	88,
	178,
	92,
	22,
	5,
	22,
	73,
	127,
	65,
	81,
	0,
	8,
	83,
	42,
	26,
	119,
	2,
	0,
	92,
	119,
	42,
	135,
	89,
	73,
	135,
	91,
	51,
	11,
	76,
	11,
	64,
	60,
	60,
	45,
	20,
	42,
	99,
	29,
	5,
	30,
	56,
	142,
	62,
	0,
	31,
	0,
	11,
	29,
	92,
	9,
	0,
	99,
	29,
	119,
	90,
	60,
	39,
	0,
	63,
	20,
	146,
	27,
	45,
	45,
	14,
	9,
	29,
	0,
	9,
	93,
	126,
	84,
	83,
	47,
	25,
	63,
	53,
	7,
	6,
	45,
	21,
	64,
	26,
	47,
	52,
	93,
	24,
	93,
	64,
	69,
	29,
	5,
	29,
	93,
	9,
	21,
	22,
	0,
	92,
	75,
	209,
	0,
	6,
	9,
	73,
	64,
	211,
	63,
	20,
	20,
	102,
	24,
	60,
	84,
	42,
	26,
	14,
	46,
	230,
	59,
	18,
	47,
	18,
	83,
	60,
	30,
	22,
	46,
	235,
	84,
	29,
	20,
	53,
	122,
	22,
	92,
	73,
	8,
	7,
	26,
	18,
	14,
	1,
	73,
	93,
	31,
	11,
	15,
	11,
	84,
	0,
	0,
	29,
	90,
	93,
	0,
	64,
	45,
	127,
	62,
	90,
	46,
	2,
	45,
	2,
	93,
	21,
	84,
	126,
	0,
	46,
	56,
	2,
	121,
	11,
	0,
	29,
	7,
	16,
	7,
	31,
	26,
	29,
	47,
	0,
	9,
	11,
	60,
	65,
	22,
	65,
	14,
	104,
	36,
	0,
	188,
	31,
	0,
	126,
	0,
	83,
	93,
	42,
	0,
	8,
	22,
	84,
	9,
	17,
	42,
	7,
	2,
	20,
	12,
	6,
	92,
	0,
	20,
	7,
	71,
	45,
	9,
	18,
	127,
	227,
	20,
	53,
	26,
	65,
	0,
	36,
	59,
	47,
	22,
	2,
	36,
	76,
	73,
	7,
	220,
	12,
	84,
	45,
	9,
	83,
	8,
	65,
	92,
	163,
	84,
	17,
	126,
	84,
	126,
	60,
	28,
	13,
	22,
	20,
	127,
	0,
	93,
	18,
	0,
	2,
	20,
	126,
	26,
	8,
	6,
	84,
	64,
	51,
	20,
	0,
	92,
	76,
	7,
	59,
	2,
	92,
	71,
	18,
	28,
	26,
	65,
	42,
	21,
	221,
	99,
	76,
	7,
	9,
	26,
	65,
	0,
	18,
	71,
	7,
	62,
	121,
	14,
	37,
	28,
	91,
	104,
	7,
	31,
	20,
	92,
	0,
	81,
	29,
	6,
	11,
	45,
	9,
	56,
	31,
	65,
	93,
	73,
	56,
	22,
	127,
	65,
	0,
	59,
	0,
	2,
	1,
	22,
	18,
	19,
	2,
	37,
	253,
	7,
	45,
	29,
	17,
	60,
	29,
	107,
	93,
	0,
	121,
	121,
	9,
	1,
	22,
	0,
	0,
	90,
	62,
	93,
	11,
	83,
	75,
	8,
	45,
	73,
	28,
	11,
	104,
	60,
	29,
	29,
	6,
	233,
	69,
	0,
	17,
	84,
	45,
	60,
	92,
	104,
	99,
	2,
	37,
	45,
	69,
	29,
	42,
	92,
	84,
	99,
	5,
	71,
	29,
	59,
	0,
	26,
	91,
	8,
	3,
	22,
	30,
	7,
	12,
	65,
	102,
	0,
	9,
	37,
	0,
	83,
	0,
	18,
	25,
	92,
	93,
	29,
	21,
	31,
	127,
	15,
	0,
	11,
	75,
	31,
	26,
	22,
	1,
	126,
	104,
	0,
	64,
	29,
	0,
	92,
	9,
	27,
	97,
	126,
	42,
	59,
	11,
	2,
	42,
	29,
	0,
	30,
	59,
	2,
	51,
	9,
	53,
	0,
	45,
	241,
	0,
	0,
	9,
	99,
	18,
	8,
	60,
	60,
	17,
	22,
	26,
	7,
	73,
	60,
	64,
	0,
	7,
	31,
	50,
	47,
	6,
	42,
	64,
	24,
	15,
	36,
	26,
	11,
	8,
	20,
	99,
	0,
	12,
	92,
	46,
	21,
	15,
	29,
	59,
	26,
	92,
	31,
	11,
	92,
	29,
	29,
	8,
	21,
	1,
	25,
	0,
	99,
	104,
	19,
	8,
	127,
	87,
	64,
	93,
	26,
	241,
	6,
	51,
	19,
	121,
	42,
	18,
	6,
	255,
	64,
	7,
	132,
	190,
	0,
	51,
	25,
	20,
	3,
	28,
	26,
	53,
	20,
	0,
	46,
	83,
	59,
	99,
	7,
	62,
	28,
	29,
	47,
	42,
	126,
	45,
	174,
	93,
	11,
	90,
	21,
	68,
	20,
	2,
	99,
	64,
	63,
	102,
	53,
	60,
	73,
	83,
	37,
	53,
	8,
	42,
	31,
	69,
	20,
	99,
	21,
	21,
	18,
	65,
	7,
	60,
	37,
	9,
	99,
	25,
	15,
	56,
	60,
	28,
	99,
	9,
	76,
	9,
	93,
	20,
	29,
	69,
	15,
	32,
	17,
	71,
	93,
	11,
	3,
	6,
	60,
	18,
	71,
	18,
	93,
	24,
	0,
	8,
	26,
	92,
	190,
	83,
	249,
	11,
	152,
	53,
	2,
	93,
	26,
	29,
	197,
	84,
	248,
	53,
	18,
	22,
	18,
	6,
	126,
	20,
	60,
	0,
	8,
	62,
	53,
	26,
	26,
	56,
	8,
	61,
	60,
	90,
	0,
	28,
	26,
	59,
	127,
	7,
	0,
	29,
	119,
	65,
	25,
	22,
	35,
	93,
	0,
	119,
	59,
	31,
	63,
	42,
	65,
	32,
	17,
	0,
	29,
	116,
	22,
	11,
	26,
	220,
	59,
	14,
	73,
	51,
	8,
	104,
	45,
	9,
	47,
	8,
	63,
	130,
	0,
	151,
	127,
	46,
	59,
	92,
	21,
	99,
	14,
	22,
	102,
	5,
	65,
	14,
	156,
	29,
	7,
	31,
	71,
	0,
	21,
	130,
	53,
	20,
	26,
	93,
	42,
	42,
	25,
	9,
	36,
	11,
	37,
	63,
	65,
	71,
	47,
	63,
	12,
	26,
	45,
	26,
	46,
	92,
	8,
	66,
	3,
	24,
	22,
	126,
	0,
	102,
	119,
	18,
	7,
	19,
	42,
	69,
	45,
	52,
	29,
	8,
	73,
	236,
	99,
	73,
	12,
	60,
	22,
	84,
	63,
	11,
	89,
	8,
	0,
	8,
	22,
	59,
	0,
	29,
	77,
	51,
	8,
	15,
	29,
	9,
	0,
	26,
	20,
	31,
	29,
	94,
	75,
	126,
	8,
	7,
	7,
	28,
	1,
	19,
	29,
	83,
	14,
	47,
	90,
	163,
	11,
	29,
	25,
	91,
	9,
	20,
	26,
	56,
	83,
	60,
	64,
	18,
	208,
	29,
	64,
	104,
	28,
	0,
	42,
	46,
	75,
	64,
	7,
	99,
	81,
	64,
	11,
	36,
	161,
	104,
	36,
	92,
	30,
	6,
	174,
	65,
	83,
	7,
	228,
	28,
	47,
	25,
	93,
	37,
	9,
	3,
	24,
	230,
	11,
	60,
	45,
	93,
	76,
	65,
	53,
	9,
	7,
	121,
	65,
	16,
	83,
	3,
	12,
	45,
	59,
	11,
	20,
	11,
	2,
	11,
	28,
	42,
	28,
	37,
	12,
	92,
	0,
	127,
	93,
	3,
	26,
	17,
	153,
	93,
	84,
	45,
	0,
	5,
	0,
	60,
	126,
	126,
	12,
	6,
	84,
	102,
	85,
	148,
	36,
	126,
	42,
	8,
	0,
	59,
	45,
	0,
	56,
	103,
	24,
	252,
	73,
	91,
	161,
	53,
	121,
	93,
	111,
	102,
	119,
	93,
	45,
	59,
	20,
	26,
	127,
	75,
	7,
	7,
	83,
	20,
	65,
	11,
	26,
	41,
	91,
	93,
	45,
	8,
	2,
	22,
	84,
	22,
	0,
	69,
	18,
	0,
	84,
	59,
	60,
	121,
	82,
	31,
	5,
	42,
	21,
	42,
	9,
	0,
	45,
	20,
	22,
	93,
	3,
	131,
	21,
	6,
	65,
	126,
	60,
	121,
	92,
	73,
	22,
	36,
	31,
	45,
	29,
	45,
	76,
	127,
	53,
	9,
	103,
	19,
	83,
	83,
	52,
	29,
	42,
	0,
	28,
	93,
	0,
	7,
	45,
	26,
	26,
	26,
	0,
	91,
	21,
	65,
	97,
	0,
	69,
	37,
	45,
	20,
	24,
	25,
	7,
	75,
	11,
	208,
	99,
	60,
	7,
	51,
	7,
	232,
	18,
	59,
	11,
	58,
	0,
	28,
	3,
	3,
	7,
	26,
	65,
	21,
	1,
	51,
	21,
	45,
	22,
	37,
	93,
	22,
	20,
	181,
	21,
	8,
	42,
	62,
	45,
	22,
	22,
	5,
	62,
	25,
	45,
	29,
	7,
	8,
	7,
	9,
	90,
	26,
	62,
	83,
	93,
	26,
	21,
	31,
	20,
	84,
	51,
	1,
	0,
	64,
	22,
	29,
	31,
	102,
	31,
	22,
	17,
	5,
	93,
	9,
	20,
	84,
	6,
	184,
	7,
	90,
	212,
	5,
	92,
	11,
	5,
	28,
	25,
	18,
	76,
	56,
	0,
	93,
	26,
	18,
	18,
	51,
	99,
	42,
	11,
	7,
	28,
	91,
	73,
	99,
	1,
	91,
	63,
	15,
	1,
	127,
	21,
	9,
	59,
	59,
	17,
	75,
	37,
	91,
	51,
	2,
	71,
	93,
	93,
	0,
	42,
	83,
	119,
	11,
	42,
	0,
	73,
	21,
	60,
	42,
	66,
	91,
	20,
	6,
	11,
	90,
	63,
	63,
	18,
	104,
	36,
	47,
	42,
	22,
	126,
	29,
	22,
	140,
	64,
	64,
	9,
	60,
	7,
	90,
	0,
	0,
	91,
	22,
	102,
	71,
	104,
	99,
	89,
	31,
	59,
	84,
	29,
	75,
	22,
	24,
	11,
	19,
	0,
	73,
	7,
	12,
	127,
	37,
	7,
	18,
	19,
	102,
	46,
	73,
	0,
	0,
	119,
	28,
	8,
	214,
	99,
	2,
	8,
	26,
	83,
	119,
	73,
	28,
	30,
	45,
	121,
	121,
	19,
	91,
	0,
	20,
	64,
	60,
	45,
	84,
	7,
	26,
	84,
	22,
	24,
	73,
	8,
	3,
	30,
	28,
	73,
	9,
	73,
	8,
	28,
	20,
	76,
	0,
	29,
	92,
	163,
	45,
	24,
	11,
	9,
	6,
	241,
	114,
	93,
}, key))
if a then
	a()
else
	gg.alert("WRONG PASSWORD!")
end
