-- Lua simple XOR encrypt by Ganlv
-- https://github.com/ganlvtech/lua-simple-encrypt
key = gg.prompt({ "Password:" }, { "" }, { "text" })[1]
local a = load((function(b, c)
	function bxor(d, e)
		local f = { { 0, 1 }, { 1, 0 } }
		local g = 1
		local h = 0
		while d > 0 or e > 0 do
			h = h + f[d % 2 + 1][e % 2 + 1] * g
			d = math.floor(d / 2)
			e = math.floor(e / 2)
			g = g * 2
		end
		return h
	end
	local i = function(b)
		local j = {}
		local k = 1
		local l = b[k]
		while l >= 0 do
			j[k] = b[l + 1]
			k = k + 1
			l = b[k]
		end
		return j
	end
	local m = function(b, c)
		if #c <= 0 then
			return {}
		end
		local k = 1
		local n = 1
		for k = 1, #b do
			b[k] = bxor(b[k], string.byte(c, n))
			n = n + 1
			if n > #c then
				n = 1
			end
		end
		return b
	end
	local o = function(b)
		local j = ""
		for k = 1, #b do
			j = j .. string.char(b[k])
		end
		return j
	end
	return o(m(i(b), c))
end)({
	596,
	714,
	776,
	440,
	540,
	761,
	870,
	695,
	634,
	590,
	420,
	736,
	655,
	775,
	819,
	470,
	648,
	481,
	737,
	793,
	802,
	581,
	770,
	641,
	766,
	660,
	513,
	706,
	413,
	693,
	684,
	863,
	517,
	490,
	754,
	699,
	619,
	785,
	609,
	408,
	812,
	803,
	579,
	852,
	825,
	791,
	459,
	518,
	383,
	642,
	539,
	387,
	422,
	806,
	425,
	878,
	756,
	580,
	566,
	742,
	864,
	675,
	496,
	603,
	504,
	512,
	394,
	564,
	709,
	554,
	468,
	497,
	735,
	829,
	452,
	489,
	759,
	804,
	686,
	416,
	455,
	726,
	800,
	798,
	788,
	528,
	491,
	877,
	381,
	400,
	696,
	774,
	488,
	745,
	628,
	529,
	760,
	881,
	652,
	705,
	717,
	443,
	582,
	790,
	477,
	746,
	505,
	719,
	784,
	672,
	487,
	873,
	633,
	656,
	846,
	795,
	843,
	569,
	849,
	412,
	428,
	398,
	415,
	460,
	701,
	859,
	611,
	418,
	386,
	457,
	599,
	772,
	426,
	698,
	389,
	782,
	851,
	561,
	622,
	447,
	734,
	391,
	692,
	536,
	446,
	632,
	535,
	393,
	503,
	405,
	506,
	847,
	712,
	538,
	831,
	666,
	876,
	865,
	450,
	595,
	626,
	740,
	482,
	728,
	601,
	401,
	721,
	451,
	838,
	589,
	433,
	665,
	871,
	495,
	748,
	651,
	850,
	515,
	732,
	600,
	723,
	833,
	610,
	799,
	687,
	472,
	471,
	607,
	821,
	586,
	511,
	521,
	664,
	478,
	578,
	522,
	842,
	475,
	818,
	574,
	516,
	438,
	577,
	559,
	824,
	436,
	690,
	704,
	485,
	671,
	587,
	500,
	727,
	694,
	406,
	469,
	462,
	867,
	399,
	510,
	465,
	786,
	464,
	434,
	874,
	605,
	613,
	525,
	869,
	507,
	700,
	725,
	834,
	787,
	650,
	750,
	733,
	392,
	697,
	585,
	638,
	853,
	576,
	810,
	659,
	837,
	724,
	414,
	557,
	689,
	765,
	616,
	792,
	630,
	813,
	594,
	502,
	797,
	758,
	463,
	615,
	584,
	570,
	378,
	621,
	573,
	768,
	492,
	809,
	681,
	558,
	403,
	544,
	720,
	751,
	499,
	623,
	552,
	519,
	840,
	848,
	858,
	866,
	680,
	534,
	562,
	839,
	763,
	604,
	572,
	836,
	591,
	739,
	555,
	527,
	567,
	718,
	811,
	777,
	435,
	747,
	439,
	738,
	678,
	631,
	494,
	410,
	532,
	476,
	560,
	614,
	683,
	454,
	625,
	411,
	390,
	530,
	467,
	608,
	448,
	429,
	645,
	542,
	657,
	565,
	592,
	807,
	441,
	602,
	556,
	629,
	409,
	845,
	688,
	757,
	407,
	796,
	421,
	682,
	442,
	458,
	749,
	817,
	640,
	815,
	773,
	606,
	598,
	753,
	395,
	781,
	808,
	822,
	827,
	676,
	501,
	779,
	832,
	830,
	551,
	783,
	419,
	620,
	541,
	379,
	647,
	654,
	553,
	715,
	548,
	653,
	841,
	537,
	729,
	752,
	583,
	550,
	-1,
	10,
	35,
	74,
	53,
	141,
	114,
	134,
	151,
	30,
	100,
	234,
	102,
	106,
	40,
	46,
	100,
	93,
	51,
	165,
	6,
	2,
	65,
	41,
	168,
	234,
	31,
	161,
	103,
	71,
	1,
	102,
	106,
	2,
	84,
	106,
	50,
	54,
	116,
	102,
	163,
	5,
	51,
	84,
	1,
	62,
	174,
	253,
	95,
	29,
	33,
	2,
	17,
	97,
	75,
	86,
	74,
	40,
	33,
	40,
	109,
	53,
	50,
	33,
	99,
	11,
	77,
	79,
	136,
	60,
	100,
	48,
	255,
	71,
	203,
	80,
	207,
	112,
	121,
	137,
	8,
	17,
	86,
	13,
	187,
	51,
	37,
	71,
	53,
	173,
	35,
	95,
	100,
	45,
	74,
	38,
	234,
	17,
	34,
	96,
	55,
	103,
	106,
	0,
	34,
	209,
	161,
	157,
	36,
	139,
	97,
	109,
	54,
	36,
	19,
	33,
	53,
	111,
	103,
	102,
	33,
	32,
	35,
	33,
	99,
	126,
	109,
	50,
	29,
	84,
	168,
	102,
	10,
	54,
	122,
	38,
	93,
	54,
	103,
	37,
	17,
	40,
	103,
	26,
	32,
	37,
	164,
	110,
	192,
	11,
	29,
	33,
	117,
	53,
	101,
	116,
	162,
	28,
	82,
	37,
	90,
	55,
	31,
	62,
	45,
	95,
	28,
	97,
	232,
	34,
	246,
	34,
	29,
	90,
	45,
	105,
	43,
	37,
	32,
	32,
	119,
	82,
	100,
	110,
	77,
	8,
	46,
	42,
	119,
	116,
	35,
	227,
	32,
	91,
	75,
	77,
	42,
	55,
	88,
	93,
	86,
	126,
	112,
	23,
	18,
	19,
	32,
	36,
	104,
	103,
	67,
	82,
	19,
	32,
	100,
	106,
	183,
	35,
	108,
	90,
	175,
	35,
	125,
	3,
	233,
	124,
	42,
	121,
	103,
	84,
	33,
	90,
	71,
	19,
	108,
	103,
	209,
	57,
	34,
	78,
	63,
	136,
	37,
	19,
	37,
	19,
	55,
	123,
	32,
	43,
	199,
	19,
	84,
	103,
	35,
	103,
	62,
	112,
	223,
	107,
	220,
	43,
	42,
	78,
	38,
	58,
	139,
	201,
	43,
	13,
	103,
	51,
	66,
	31,
	43,
	91,
	20,
	87,
	51,
	32,
	108,
	224,
	61,
	41,
	193,
	219,
	123,
	106,
	52,
	43,
	56,
	199,
	84,
	59,
	62,
	51,
	171,
	24,
	103,
	27,
	175,
	48,
	222,
	2,
	111,
	127,
	100,
	86,
	128,
	71,
	60,
	30,
	58,
	70,
	89,
	80,
	43,
	46,
	121,
	70,
	95,
	8,
	43,
	139,
	31,
	153,
	0,
	100,
	33,
	37,
	7,
	10,
	49,
	196,
	38,
	126,
	184,
	103,
	62,
	241,
	62,
	53,
	55,
	26,
	139,
	93,
	99,
	86,
	203,
	77,
	112,
	192,
	34,
	135,
	130,
	99,
	62,
	60,
	112,
	106,
	27,
	95,
	55,
	96,
	221,
	119,
	215,
	203,
	122,
	32,
	35,
	74,
	19,
	100,
	31,
	93,
	126,
	80,
	9,
	114,
	99,
	86,
	57,
	112,
	50,
	199,
	16,
	157,
	26,
	49,
	206,
	81,
	134,
	93,
	238,
	29,
	103,
	100,
	47,
	94,
	97,
	1,
	35,
	149,
	92,
	23,
	32,
	53,
	41,
	36,
	58,
	57,
	21,
	100,
	36,
	112,
	63,
	182,
	55,
	15,
	52,
	78,
	20,
	19,
	148,
	114,
	101,
	55,
	245,
	46,
	2,
	37,
	34,
	49,
	51,
	124,
	84,
	108,
	112,
	176,
	26,
	19,
	92,
	32,
	34,
	35,
	83,
	41,
	62,
	239,
	51,
	172,
	20,
	65,
	65,
	36,
	3,
	119,
	85,
	19,
	37,
	112,
	114,
	29,
	109,
	59,
	120,
	210,
	4,
	86,
	35,
	0,
	84,
	37,
	121,
	37,
	96,
	252,
	212,
	236,
	55,
	2,
	9,
	231,
	222,
	17,
	100,
	20,
	55,
	108,
	40,
	159,
	233,
	19,
	53,
	252,
	37,
	41,
	166,
	61,
	41,
	104,
	71,
	81,
	51,
	26,
}, key))
if a then
	a()
else
	gg.alert("WRONG PASSWORD!")
end
