--[==============================[


🔔 Simple Encryption By Top GEO V9
🔥 Encrypt HEX»BIN»BYTE
⛔ Anti Load
⛔ Blocks Unluac
⛔ Blocks AutoDecompiler.lua
♻ Don't Remove Any Credits 
📛 Don't Edit Encrypted Script Or May 
      Be It Won't Work

--]==============================]




TG = '🛡️ Encrypt Tool By Top GEO V9 🛡️' -- Dont Edit This Credit Or Script Will Not Work .

function script()

------------------------------------------------------
-- Bytes Executer Simple Formula
function Executer(bytes) 
byte = '' for i in ipairs(bytes) do 
byte = byte ..string.char(bytes[i]) 
end return byte end
------------------------------------------------------


load(string.char(table.unpack({27,76,117,97,84,71,0,4,4,4,8,0,25,147,13,10,26,10,0,0,0,0,0,0,0,0,0,1,53,0,0,18,48,0,0,0,37,128,0,0,8,0,64,64,6,0,64,128,88,128,32,64,23,0,64,64,6,0,64,192,70,13,128,0,139,0,1,0,193,0,1,65,1,0,1,129,65,0,1,193,129,0,2,1,193,0,2,66,1,0,2,130,65,0,2,194,129,0,3,2,193,0,3,67,1,0,3,131,65,0,3,195,129,0,4,3,193,0,4,68,1,0,4,132,65,0,2,196,129,0,4,196,193,0,5,5,1,0,5,5,65,0,5,69,129,0,2,197,193,0,5,134,1,0,4,6,65,0,2,198,129,0,4,198,193,0,5,7,1,0,4,71,65,0,2,199,129,0,5,199,193,0,3,8,1,0,6,8,65,0,2,200,129,0,6,72,193,0,6,137,1,0,2,201,65,0,1,9,129,0,1,73,193,0,1,138,1,0,1,202,65,0,2,10,129,0,2,74,193,0,2,139,1,21,0,64,164,1,0,128,93,0,0,64,88,128,34,64,23,0,70,192,6,0,64,192,70,15,0,0,139,0,7,0,193,0,7,65,1,0,7,129,65,0,2,193,129,0,3,1,193,0,7,194,1,0,7,194,65,0,6,2,129,0,7,194,193,0,2,195,1,0,8,3,65,0,3,3,129,0,4,195,193,0,3,4,1,0,8,68,65,0,4,196,129,0,3,4,193,0,8,5,1,0,2,197,65,0,7,5,129,0,7,69,193,0,7,134,1,0,2,198,65,0,8,134,129,0,8,134,193,0,4,199,1,0,5,7,65,0,4,71,129,0,2,199,193,0,5,200,1,0,3,8,65,0,6,8,129,0,2,200,193,0,8,73,1,0,3,201,65,0,8,201,129,0,9,9,193,0,9,74,1,0,4,138,65,0,9,138,129,0,2,202,193,0,9,203,1,0,3,203,65,0,8,203,129,0,2,203,193,0,7,204,1,0,8,204,65,0,10,12,129,0,5,12,193,0,10,77,1,25,0,64,164,0,8,192,193,0,9,1,1,0,2,193,65,0,10,129,129,2,0,128,164,1,0,0,93,0,0,64,29,0,74,192,6,0,64,192,70,5,0,0,139,0,9,128,193,0,8,193,1,0,4,129,65,0,6,65,129,0,9,65,193,0,9,130,1,0,9,66,65,0,11,2,129,0,5,66,193,0,8,195,1,5,0,64,164,1,0,128,93,0,0,64,7,0,128,0,67,1,0,64,29,0,128,0,31,128,14,0,23,0,70,192,6,0,64,192,70,14,128,0,139,0,7,0,193,0,7,65,1,0,7,129,65,0,2,193,129,0,3,1,193,0,7,194,1,0,7,194,65,0,6,2,129,0,7,194,193,0,2,195,1,0,8,3,65,0,3,3,129,0,4,195,193,0,3,4,1,0,8,68,65,0,4,196,129,0,3,4,193,0,8,5,1,0,2,197,65,0,7,5,129,0,7,69,193,0,7,134,1,0,8,134,65,0,8,134,129,0,8,70,193,0,11,71,1,0,3,71,65,0,2,199,129,0,11,135,193,0,5,8,1,0,4,136,65,0,2,200,129,0,11,200,193,0,9,73,1,0,3,73,65,0,9,9,129,0,2,201,193,0,6,74,1,0,11,74,65,0,3,202,129,0,9,74,193,0,11,75,1,0,11,11,65,0,5,75,129,0,8,203,193,0,2,204,1,0,12,12,65,0,4,204,129,0,5,204,193,0,12,13,1,25,0,64,164,1,0,0,93,0,0,64,29,0,128,0,31,0,0,64,37,0,74,192,70,0,0,0,128,0,12,64,193,1,0,128,157,0,128,128,71,0,128,64,93,0,74,192,70,0,0,0,128,0,12,128,193,1,0,128,157,0,128,128,71,0,74,192,134,1,76,192,135,1,0,64,93,0,74,192,70,0,0,0,128,0,13,0,193,1,0,128,157,0,128,128,71,0,128,0,131,1,0,128,93,0,0,0,91,132,85,128,23,0,74,192,70,0,0,0,128,0,13,64,193,1,0,128,157,0,128,128,71,0,0,0,131,1,0,64,93,0,70,192,70,0,13,128,129,1,0,64,93,0,74,192,70,0,0,0,128,0,13,192,193,1,0,128,157,0,128,128,71,0,14,0,129,1,0,64,93,0,74,192,70,0,0,0,128,0,14,128,193,1,0,128,157,0,128,128,71,1,128,0,139,0,14,192,193,0,15,1,1,0,15,65,65,1,128,64,164,0,0,0,196,0,15,129,1,2,0,128,93,156,128,64,8,0,78,64,70,0,207,192,88,128,15,128,23,0,78,64,70,0,208,0,24,128,12,128,23,0,74,192,70,0,0,0,128,0,16,64,193,1,0,128,157,0,128,128,71,0,16,128,129,0,74,192,198,1,208,192,199,1,128,64,93,0,74,192,70,0,0,0,128,0,17,0,193,1,0,128,157,0,128,128,71,0,17,64,129,1,0,64,93,0,74,192,70,0,0,0,128,0,17,128,193,1,0,128,157,0,128,128,71,0,17,192,129,0,74,192,198,1,208,192,199,1,128,64,93,0,74,192,70,0,0,0,128,0,18,0,193,1,0,128,157,0,128,128,71,0,128,64,93,0,74,192,70,0,0,0,128,0,13,192,193,1,0,128,157,0,128,128,71,0,18,64,129,1,0,64,93,0,74,192,70,0,0,0,128,0,18,128,193,1,0,128,157,0,128,128,71,0,18,192,129,1,0,64,93,0,83,0,70,0,0,0,128,0,19,64,193,1,0,128,157,0,128,128,71,0,128,64,93,0,78,64,70,0,211,128,24,128,1,64,23,0,83,0,70,0,0,0,128,0,19,64,193,1,0,128,157,0,128,128,71,0,128,64,93,0,74,192,70,0,0,0,128,0,14,128,193,1,0,128,157,0,128,128,71,7,0,0,139,0,19,192,193,0,20,1,1,0,20,65,65,0,20,129,129,0,20,193,193,0,21,2,1,0,21,66,65,0,21,130,129,0,21,194,193,0,22,3,1,0,22,67,65,0,22,131,129,0,22,195,193,0,23,4,1,7,0,64,164,0,0,0,196,0,23,65,1,2,0,128,93,156,128,64,8,0,78,64,70,0,207,192,88,128,9,128,23,0,78,64,70,0,208,0,88,128,56,64,23,0,78,64,70,0,211,128,88,128,103,0,23,0,78,64,70,0,215,128,88,128,149,192,23,0,78,64,70,0,215,192,88,128,196,128,23,0,78,64,70,0,216,0,88,128,243,64,23,0,78,64,70,0,216,64,88,129,34,0,23,0,78,64,70,0,216,128,88,129,80,192,23,0,78,64,70,0,216,192,88,129,127,128,23,0,78,64,70,0,200,128,88,129,174,64,23,0,78,64,70,0,217,0,88,129,221,0,23,0,78,64,70,0,217,64,88,130,11,192,23,0,78,64,70,0,217,128,88,130,58,128,23,0,78,64,70,0,217,192,88,127,219,0,23,0,74,192,70,0,0,0,128,0,14,128,193,1,0,128,157,0,128,128,71,2,0,0,139,0,26,0,193,0,26,65,1,0,26,129,65,0,23,1,129,2,0,64,164,0,0,0,196,0,26,193,1,2,0,128,93,156,128,64,8,0,78,64,70,0,207,192,24,128,10,192,23,0,74,192,70,0,0,0,128,0,16,64,193,1,0,128,157,0,128,128,71,0,27,0,129,0,74,192,198,1,208,192,199,1,128,64,93,0,74,192,70,0,0,0,128,0,17,0,193,1,0,128,157,0,128,128,71,0,27,64,129,1,0,64,93,0,74,192,70,0,0,0,128,0,17,128,193,1,0,128,157,0,128,128,71,0,27,128,129,0,74,192,198,1,208,192,199,1,128,64,93,0,74,192,70,0,0,0,128,0,18,0,193,1,0,128,157,0,128,128,71,0,128,64,93,0,74,192,70,0,0,0,128,0,13,192,193,1,0,128,157,0,128,128,71,0,18,64,129,1,0,64,93,0,83,0,70,0,0,0,128,0,19,64,193,1,0,128,157,0,128,128,71,0,128,64,93,0,78,64,70,0,208,0,24,128,10,192,23,0,74,192,70,0,0,0,128,0,16,64,193,1,0,128,157,0,128,128,71,0,27,192,129,0,74,192,198,1,220,0,199,1,128,64,93,0,74,192,70,0,0,0,128,0,17,0,193,1,0,128,157,0,128,128,71,0,9,0,129,1,0,64,93,0,74,192,70,0,0,0,128,0,17,128,193,1,0,128,157,0,128,128,71,0,28,64,129,0,74,192,198,1,208,192,199,1,128,64,93,0,74,192,70,0,0,0,128,0,18,0,193,1,0,128,157,0,128,128,71,0,128,64,93,0,74,192,70,0,0,0,128,0,13,192,193,1,0,128,157,0,128,128,71,0,18,64,129,1,0,64,93,0,83,0,70,0,0,0,128,0,19,64,193,1,0,128,157,0,128,128,71,0,128,64,93,0,78,64,70,0,211,128,24,128,18,128,23,0,74,192,70,0,0,0,128,0,16,64,193,1,0,128,157,0,128,128,71,0,27,0,129,0,74,192,198,1,208,192,199,1,128,64,93,0,74,192,70,0,0,0,128,0,17,0,193,1,0,128,157,0,128,128,71,0,27,64,129,1,0,64,93,0,74,192,70,0,0,0,128,0,17,128,193,1,0,128,157,0,128,128,71,0,27,128,129,0,74,192,198,1,208,192,199,1,128,64,93,0,74,192,70,0,0,0,128,0,18,0,193,1,0,128,157,0,128,128,71,0,128,64,93,0,74,192,70,0,0,0,128,0,16,64,193,1,0,128,157,0,128,128,71,0,27,192,129,0,74,192,198,1,220,0,199,1,128,64,93,0,74,192,70,0,0,0,128,0,17,0,193,1,0,128,157,0,128,128,71,0,9,0,129,1,0,64,93,0,74,192,70,0,0,0,128,0,17,128,193,1,0,128,157,0,128,128,71,0,28,64,129,0,74,192,198,1,208,192,199,1,128,64,93,0,74,192,70,0,0,0,128,0,18,0,193,1,0,128,157,0,128,128,71,0,128,64,93,0,74,192,70,0,0,0,128,0,13,192,193,1,0,128,157,0,128,128,71,0,18,64,129,1,0,64,93,0,83,0,70,0,0,0,128,0,19,64,193,1,0,128,157,0,128,128,71,0,128,64,93,0,78,64,70,0,215,128,88,127,191,128,23,0,74,192,70,0,0,0,128,0,14,128,193,1,0,128,157,0,128,128,71,2,0,0,139,0,26,0,193,0,26,65,1,0,26,129,65,0,23,1,129,2,0,64,164,0,0,0,196,0,26,193,1,2,0,128,93,156,128,64,8,0,78,64,70,0,207,192,24,128,10,192,23,0,74,192,70,0,0,0,128,0,16,64,193,1,0,128,157,0,128,128,71,0,28,128,129,0,74,192,198,1,208,192,199,1,128,64,93,0,74,192,70,0,0,0,128,0,17,0,193,1,0,128,157,0,128,128,71,0,27,64,129,1,0,64,93,0,74,192,70,0,0,0,128,0,17,128,193,1,0,128,157,0,128,128,71,0,27,128,129,0,74,192,198,1,208,192,199,1,128,64,93,0,74,192,70,0,0,0,128,0,18,0,193,1,0,128,157,0,128,128,71,0,128,64,93,0,74,192,70,0,0,0,128,0,13,192,193,1,0,128,157,0,128,128,71,0,18,64,129,1,0,64,93,0,83,0,70,0,0,0,128,0,19,64,193,1,0,128,157,0,128,128,71,0,128,64,93,0,78,64,70,0,208,0,24,128,10,192,23,0,74,192,70,0,0,0,128,0,16,64,193,1,0,128,157,0,128,128,71,0,27,192,129,0,74,192,198,1,220,0,199,1,128,64,93,0,74,192,70,0,0,0,128,0,17,0,193,1,0,128,157,0,128,128,71,0,9,0,129,1,0,64,93,0,74,192,70,0,0,0,128,0,17,128,193,1,0,128,157,0,128,128,71,0,28,64,129,0,74,192,198,1,208,192,199,1,128,64,93,0,74,192,70,0,0,0,128,0,18,0,193,1,0,128,157,0,128,128,71,0,128,64,93,0,74,192,70,0,0,0,128,0,13,192,193,1,0,128,157,0,128,128,71,0,18,64,129,1,0,64,93,0,83,0,70,0,0,0,128,0,19,64,193,1,0,128,157,0,128,128,71,0,128,64,93,0,78,64,70,0,211,128,24,128,18,128,23,0,74,192,70,0,0,0,128,0,16,64,193,1,0,128,157,0,128,128,71,0,28,128,129,0,74,192,198,1,208,192,199,1,128,64,93,0,74,192,70,0,0,0,128,0,17,0,193,1,0,128,157,0,128,128,71,0,27,64,129,1,0,64,93,0,74,192,70,0,0,0,128,0,17,128,193,1,0,128,157,0,128,128,71,0,27,128,129,0,74,192,198,1,208,192,199,1,128,64,93,0,74,192,70,0,0,0,128,0,18,0,193,1,0,128,157,0,128,128,71,0,128,64,93,0,74,192,70,0,0,0,128,0,16,64,193,1,0,128,157,0,128,128,71,0,27,192,129,0,74,192,198,1,220,0,199,1,128,64,93,0,74,192,70,0,0,0,128,0,17,0,193,1,0,128,157,0,128,128,71,0,9,0,129,1,0,64,93,0,74,192,70,0,0,0,128,0,17,128,193,1,0,128,157,0,128,128,71,0,28,64,129,0,74,192,198,1,208,192,199,1,128,64,93,0,74,192,70,0,0,0,128,0,18,0,193,1,0,128,157,0,128,128,71,0,128,64,93,0,74,192,70,0,0,0,128,0,13,192,193,1,0,128,157,0,128,128,71,0,18,64,129,1,0,64,93,0,83,0,70,0,0,0,128,0,19,64,193,1,0,128,157,0,128,128,71,0,128,64,93,0,78,64,70,0,215,128,88,127,144,0,23,0,74,192,70,0,0,0,128,0,14,128,193,1,0,128,157,0,128,128,71,2,0,0,139,0,26,0,193,0,26,65,1,0,26,129,65,0,23,1,129,2,0,64,164,0,0,0,196,0,26,193,1,2,0,128,93,156,128,64,8,0,78,64,70,0,207,192,24,128,10,192,23,0,74,192,70,0,0,0,128,0,16,64,193,1,0,128,157,0,128,128,71,0,28,192,129,0,74,192,198,1,208,192,199,1,128,64,93,0,74,192,70,0,0,0,128,0,17,0,193,1,0,128,157,0,128,128,71,0,27,64,129,1,0,64,93,0,74,192,70,0,0,0,128,0,17,128,193,1,0,128,157,0,128,128,71,0,27,128,129,0,74,192,198,1,208,192,199,1,128,64,93,0,74,192,70,0,0,0,128,0,18,0,193,1,0,128,157,0,128,128,71,0,128,64,93,0,74,192,70,0,0,0,128,0,13,192,193,1,0,128,157,0,128,128,71,0,18,64,129,1,0,64,93,0,83,0,70,0,0,0,128,0,19,64,193,1,0,128,157,0,128,128,71,0,128,64,93,0,78,64,70,0,208,0,24,128,10,192,23,0,74,192,70,0,0,0,128,0,16,64,193,1,0,128,157,0,128,128,71,0,27,192,129,0,74,192,198,1,220,0,199,1,128,64,93,0,74,192,70,0,0,0,128,0,17,0,193,1,0,128,157,0,128,128,71,0,9,0,129,1,0,64,93,0,74,192,70,0,0,0,128,0,17,128,193,1,0,128,157,0,128,128,71,0,28,64,129,0,74,192,198,1,208,192,199,1,128,64,93,0,74,192,70,0,0,0,128,0,18,0,193,1,0,128,157,0,128,128,71,0,128,64,93,0,74,192,70,0,0,0,128,0,13,192,193,1,0,128,157,0,128,128,71,0,18,64,129,1,0,64,93,0,83,0,70,0,0,0,128,0,19,64,193,1,0,128,157,0,128,128,71,0,128,64,93,0,78,64,70,0,211,128,24,128,18,128,23,0,74,192,70,0,0,0,128,0,16,64,193,1,0,128,157,0,128,128,71,0,28,192,129,0,74,192,198,1,208,192,199,1,128,64,93,0,74,192,70,0,0,0,128,0,17,0,193,1,0,128,157,0,128,128,71,0,27,64,129,1,0,64,93,0,74,192,70,0,0,0,128,0,17,128,193,1,0,128,157,0,128,128,71,0,27,128,129,0,74,192,198,1,208,192,199,1,128,64,93,0,74,192,70,0,0,0,128,0,18,0,193,1,0,128,157,0,128,128,71,0,128,64,93,0,74,192,70,0,0,0,128,0,16,64,193,1,0,128,157,0,128,128,71,0,27,192,129,0,74,192,198,1,220,0,199,1,128,64,93,0,74,192,70,0,0,0,128,0,17,0,193,1,0,128,157,0,128,128,71,0,9,0,129,1,0,64,93,0,74,192,70,0,0,0,128,0,17,128,193,1,0,128,157,0,128,128,71,0,28,64,129,0,74,192,198,1,208,192,199,1,128,64,93,0,74,192,70,0,0,0,128,0,18,0,193,1,0,128,157,0,128,128,71,0,128,64,93,0,74,192,70,0,0,0,128,0,13,192,193,1,0,128,157,0,128,128,71,0,18,64,129,1,0,64,93,0,83,0,70,0,0,0,128,0,19,64,193,1,0,128,157,0,128,128,71,0,128,64,93,0,78,64,70,0,215,128,88,127,96,128,23,0,74,192,70,0,0,0,128,0,14,128,193,1,0,128,157,0,128,128,71,2,0,0,139,0,26,0,193,0,26,65,1,0,26,129,65,0,23,1,129,2,0,64,164,0,0,0,196,0,26,193,1,2,0,128,93,156,128,64,8,0,78,64,70,0,207,192,24,128,10,192,23,0,74,192,70,0,0,0,128,0,16,64,193,1,0,128,157,0,128,128,71,0,29,0,129,0,74,192,198,1,208,192,199,1,128,64,93,0,74,192,70,0,0,0,128,0,17,0,193,1,0,128,157,0,128,128,71,0,27,64,129,1,0,64,93,0,74,192,70,0,0,0,128,0,17,128,193,1,0,128,157,0,128,128,71,0,27,128,129,0,74,192,198,1,208,192,199,1,128,64,93,0,74,192,70,0,0,0,128,0,18,0,193,1,0,128,157,0,128,128,71,0,128,64,93,0,74,192,70,0,0,0,128,0,13,192,193,1,0,128,157,0,128,128,71,0,18,64,129,1,0,64,93,0,83,0,70,0,0,0,128,0,19,64,193,1,0,128,157,0,128,128,71,0,128,64,93,0,78,64,70,0,208,0,24,128,10,192,23,0,74,192,70,0,0,0,128,0,16,64,193,1,0,128,157,0,128,128,71,0,27,192,129,0,74,192,198,1,220,0,199,1,128,64,93,0,74,192,70,0,0,0,128,0,17,0,193,1,0,128,157,0,128,128,71,0,9,0,129,1,0,64,93,0,74,192,70,0,0,0,128,0,17,128,193,1,0,128,157,0,128,128,71,0,29,64,129,0,74,192,198,1,208,192,199,1,128,64,93,0,74,192,70,0,0,0,128,0,18,0,193,1,0,128,157,0,128,128,71,0,128,64,93,0,74,192,70,0,0,0,128,0,13,192,193,1,0,128,157,0,128,128,71,0,18,64,129,1,0,64,93,0,83,0,70,0,0,0,128,0,19,64,193,1,0,128,157,0,128,128,71,0,128,64,93,0,78,64,70,0,211,128,24,128,18,128,23,0,74,192,70,0,0,0,128,0,16,64,193,1,0,128,157,0,128,128,71,0,29,0,129,0,74,192,198,1,208,192,199,1,128,64,93,0,74,192,70,0,0,0,128,0,17,0,193,1,0,128,157,0,128,128,71,0,27,64,129,1,0,64,93,0,74,192,70,0,0,0,128,0,17,128,193,1,0,128,157,0,128,128,71,0,27,128,129,0,74,192,198,1,208,192,199,1,128,64,93,0,74,192,70,0,0,0,128,0,18,0,193,1,0,128,157,0,128,128,71,0,128,64,93,0,74,192,70,0,0,0,128,0,16,64,193,1,0,128,157,0,128,128,71,0,27,192,129,0,74,192,198,1,220,0,199,1,128,64,93,0,74,192,70,0,0,0,128,0,17,0,193,1,0,128,157,0,128,128,71,0,9,0,129,1,0,64,93,0,74,192,70,0,0,0,128,0,17,128,193,1,0,128,157,0,128,128,71,0,29,64,129,0,74,192,198,1,208,192,199,1,128,64,93,0,74,192,70,0,0,0,128,0,18,0,193,1,0,128,157,0,128,128,71,0,128,64,93,0,74,192,70,0,0,0,128,0,13,192,193,1,0,128,157,0,128,128,71,0,18,64,129,1,0,64,93,0,83,0,70,0,0,0,128,0,19,64,193,1,0,128,157,0,128,128,71,0,128,64,93,0,78,64,70,0,215,128,88,127,49,0,23,0,74,192,70,0,0,0,128,0,14,128,193,1,0,128,157,0,128,128,71,2,0,0,139,0,26,0,193,0,26,65,1,0,26,129,65,0,23,1,129,2,0,64,164,0,0,0,196,0,26,193,1,2,0,128,93,156,128,64,8,0,78,64,70,0,207,192,24,128,10,192,23,0,74,192,70,0,0,0,128,0,16,64,193,1,0,128,157,0,128,128,71,0,29,128,129,0,74,192,198,1,208,192,199,1,128,64,93,0,74,192,70,0,0,0,128,0,17,0,193,1,0,128,157,0,128,128,71,0,27,64,129,1,0,64,93,0,74,192,70,0,0,0,128,0,17,128,193,1,0,128,157,0,128,128,71,0,27,128,129,0,74,192,198,1,208,192,199,1,128,64,93,0,74,192,70,0,0,0,128,0,18,0,193,1,0,128,157,0,128,128,71,0,128,64,93,0,74,192,70,0,0,0,128,0,13,192,193,1,0,128,157,0,128,128,71,0,18,64,129,1,0,64,93,0,83,0,70,0,0,0,128,0,19,64,193,1,0,128,157,0,128,128,71,0,128,64,93,0,78,64,70,0,208,0,24,128,10,192,23,0,74,192,70,0,0,0,128,0,16,64,193,1,0,128,157,0,128,128,71,0,27,192,129,0,74,192,198,1,220,0,199,1,128,64,93,0,74,192,70,0,0,0,128,0,17,0,193,1,0,128,157,0,128,128,71,0,9,0,129,1,0,64,93,0,74,192,70,0,0,0,128,0,17,128,193,1,0,128,157,0,128,128,71,0,28,64,129,0,74,192,198,1,208,192,199,1,128,64,93,0,74,192,70,0,0,0,128,0,18,0,193,1,0,128,157,0,128,128,71,0,128,64,93,0,74,192,70,0,0,0,128,0,13,192,193,1,0,128,157,0,128,128,71,0,18,64,129,1,0,64,93,0,83,0,70,0,0,0,128,0,19,64,193,1,0,128,157,0,128,128,71,0,128,64,93,0,78,64,70,0,211,128,24,128,18,128,23,0,74,192,70,0,0,0,128,0,16,64,193,1,0,128,157,0,128,128,71,0,29,128,129,0,74,192,198,1,208,192,199,1,128,64,93,0,74,192,70,0,0,0,128,0,17,0,193,1,0,128,157,0,128,128,71,0,27,64,129,1,0,64,93,0,74,192,70,0,0,0,128,0,17,128,193,1,0,128,157,0,128,128,71,0,27,128,129,0,74,192,198,1,208,192,199,1,128,64,93,0,74,192,70,0,0,0,128,0,18,0,193,1,0,128,157,0,128,128,71,0,128,64,93,0,74,192,70,0,0,0,128,0,16,64,193,1,0,128,157,0,128,128,71,0,27,192,129,0,74,192,198,1,220,0,199,1,128,64,93,0,74,192,70,0,0,0,128,0,17,0,193,1,0,128,157,0,128,128,71,0,9,0,129,1,0,64,93,0,74,192,70,0,0,0,128,0,17,128,193,1,0,128,157,0,128,128,71,0,28,64,129,0,74,192,198,1,208,192,199,1,128,64,93,0,74,192,70,0,0,0,128,0,18,0,193,1,0,128,157,0,128,128,71,0,128,64,93,0,74,192,70,0,0,0,128,0,13,192,193,1,0,128,157,0,128,128,71,0,18,64,129,1,0,64,93,0,83,0,70,0,0,0,128,0,19,64,193,1,0,128,157,0,128,128,71,0,128,64,93,0,78,64,70,0,215,128,88,127,1,128,23,0,74,192,70,0,0,0,128,0,14,128,193,1,0,128,157,0,128,128,71,2,0,0,139,0,26,0,193,0,26,65,1,0,26,129,65,0,23,1,129,2,0,64,164,0,0,0,196,0,26,193,1,2,0,128,93,156,128,64,8,0,78,64,70,0,207,192,24,128,10,192,23,0,74,192,70,0,0,0,128,0,16,64,193,1,0,128,157,0,128,128,71,0,29,192,129,0,74,192,198,1,208,192,199,1,128,64,93,0,74,192,70,0,0,0,128,0,17,0,193,1,0,128,157,0,128,128,71,0,27,64,129,1,0,64,93,0,74,192,70,0,0,0,128,0,17,128,193,1,0,128,157,0,128,128,71,0,27,128,129,0,74,192,198,1,208,192,199,1,128,64,93,0,74,192,70,0,0,0,128,0,18,0,193,1,0,128,157,0,128,128,71,0,128,64,93,0,74,192,70,0,0,0,128,0,13,192,193,1,0,128,157,0,128,128,71,0,18,64,129,1,0,64,93,0,83,0,70,0,0,0,128,0,19,64,193,1,0,128,157,0,128,128,71,0,128,64,93,0,78,64,70,0,208,0,24,128,10,192,23,0,74,192,70,0,0,0,128,0,16,64,193,1,0,128,157,0,128,128,71,0,27,192,129,0,74,192,198,1,220,0,199,1,128,64,93,0,74,192,70,0,0,0,128,0,17,0,193,1,0,128,157,0,128,128,71,0,9,0,129,1,0,64,93,0,74,192,70,0,0,0,128,0,17,128,193,1,0,128,157,0,128,128,71,0,28,64,129,0,74,192,198,1,208,192,199,1,128,64,93,0,74,192,70,0,0,0,128,0,18,0,193,1,0,128,157,0,128,128,71,0,128,64,93,0,74,192,70,0,0,0,128,0,13,192,193,1,0,128,157,0,128,128,71,0,18,64,129,1,0,64,93,0,83,0,70,0,0,0,128,0,19,64,193,1,0,128,157,0,128,128,71,0,128,64,93,0,78,64,70,0,211,128,24,128,18,128,23,0,74,192,70,0,0,0,128,0,16,64,193,1,0,128,157,0,128,128,71,0,29,192,129,0,74,192,198,1,208,192,199,1,128,64,93,0,74,192,70,0,0,0,128,0,17,0,193,1,0,128,157,0,128,128,71,0,27,64,129,1,0,64,93,0,74,192,70,0,0,0,128,0,17,128,193,1,0,128,157,0,128,128,71,0,27,128,129,0,74,192,198,1,208,192,199,1,128,64,93,0,74,192,70,0,0,0,128,0,18,0,193,1,0,128,157,0,128,128,71,0,128,64,93,0,74,192,70,0,0,0,128,0,16,64,193,1,0,128,157,0,128,128,71,0,27,192,129,0,74,192,198,1,220,0,199,1,128,64,93,0,74,192,70,0,0,0,128,0,17,0,193,1,0,128,157,0,128,128,71,0,9,0,129,1,0,64,93,0,74,192,70,0,0,0,128,0,17,128,193,1,0,128,157,0,128,128,71,0,28,64,129,0,74,192,198,1,208,192,199,1,128,64,93,0,74,192,70,0,0,0,128,0,18,0,193,1,0,128,157,0,128,128,71,0,128,64,93,0,74,192,70,0,0,0,128,0,13,192,193,1,0,128,157,0,128,128,71,0,18,64,129,1,0,64,93,0,83,0,70,0,0,0,128,0,19,64,193,1,0,128,157,0,128,128,71,0,128,64,93,0,78,64,70,0,215,128,88,126,210,0,23,0,74,192,70,0,0,0,128,0,14,128,193,1,0,128,157,0,128,128,71,2,0,0,139,0,26,0,193,0,26,65,1,0,26,129,65,0,23,1,129,2,0,64,164,0,0,0,196,0,26,193,1,2,0,128,93,156,128,64,8,0,78,64,70,0,207,192,24,128,10,192,23,0,74,192,70,0,0,0,128,0,16,64,193,1,0,128,157,0,128,128,71,0,30,0,129,0,74,192,198,1,208,192,199,1,128,64,93,0,74,192,70,0,0,0,128,0,17,0,193,1,0,128,157,0,128,128,71,0,27,64,129,1,0,64,93,0,74,192,70,0,0,0,128,0,17,128,193,1,0,128,157,0,128,128,71,0,27,128,129,0,74,192,198,1,208,192,199,1,128,64,93,0,74,192,70,0,0,0,128,0,18,0,193,1,0,128,157,0,128,128,71,0,128,64,93,0,74,192,70,0,0,0,128,0,13,192,193,1,0,128,157,0,128,128,71,0,18,64,129,1,0,64,93,0,83,0,70,0,0,0,128,0,19,64,193,1,0,128,157,0,128,128,71,0,128,64,93,0,78,64,70,0,208,0,24,128,10,192,23,0,74,192,70,0,0,0,128,0,16,64,193,1,0,128,157,0,128,128,71,0,27,192,129,0,74,192,198,1,220,0,199,1,128,64,93,0,74,192,70,0,0,0,128,0,17,0,193,1,0,128,157,0,128,128,71,0,9,0,129,1,0,64,93,0,74,192,70,0,0,0,128,0,17,128,193,1,0,128,157,0,128,128,71,0,28,64,129,0,74,192,198,1,208,192,199,1,128,64,93,0,74,192,70,0,0,0,128,0,18,0,193,1,0,128,157,0,128,128,71,0,128,64,93,0,74,192,70,0,0,0,128,0,13,192,193,1,0,128,157,0,128,128,71,0,18,64,129,1,0,64,93,0,83,0,70,0,0,0,128,0,19,64,193,1,0,128,157,0,128,128,71,0,128,64,93,0,78,64,70,0,211,128,24,128,18,128,23,0,74,192,70,0,0,0,128,0,16,64,193,1,0,128,157,0,128,128,71,0,30,0,129,0,74,192,198,1,208,192,199,1,128,64,93,0,74,192,70,0,0,0,128,0,17,0,193,1,0,128,157,0,128,128,71,0,27,64,129,1,0,64,93,0,74,192,70,0,0,0,128,0,17,128,193,1,0,128,157,0,128,128,71,0,27,128,129,0,74,192,198,1,208,192,199,1,128,64,93,0,74,192,70,0,0,0,128,0,18,0,193,1,0,128,157,0,128,128,71,0,128,64,93,0,74,192,70,0,0,0,128,0,16,64,193,1,0,128,157,0,128,128,71,0,27,192,129,0,74,192,198,1,220,0,199,1,128,64,93,0,74,192,70,0,0,0,128,0,17,0,193,1,0,128,157,0,128,128,71,0,9,0,129,1,0,64,93,0,74,192,70,0,0,0,128,0,17,128,193,1,0,128,157,0,128,128,71,0,28,64,129,0,74,192,198,1,208,192,199,1,128,64,93,0,74,192,70,0,0,0,128,0,18,0,193,1,0,128,157,0,128,128,71,0,128,64,93,0,74,192,70,0,0,0,128,0,13,192,193,1,0,128,157,0,128,128,71,0,18,64,129,1,0,64,93,0,83,0,70,0,0,0,128,0,19,64,193,1,0,128,157,0,128,128,71,0,128,64,93,0,78,64,70,0,215,128,88,126,162,128,23,0,74,192,70,0,0,0,128,0,14,128,193,1,0,128,157,0,128,128,71,2,0,0,139,0,26,0,193,0,26,65,1,0,26,129,65,0,23,1,129,2,0,64,164,0,0,0,196,0,26,193,1,2,0,128,93,156,128,64,8,0,78,64,70,0,207,192,24,128,10,192,23,0,74,192,70,0,0,0,128,0,16,64,193,1,0,128,157,0,128,128,71,0,30,64,129,0,74,192,198,1,208,192,199,1,128,64,93,0,74,192,70,0,0,0,128,0,17,0,193,1,0,128,157,0,128,128,71,0,27,64,129,1,0,64,93,0,74,192,70,0,0,0,128,0,17,128,193,1,0,128,157,0,128,128,71,0,27,128,129,0,74,192,198,1,208,192,199,1,128,64,93,0,74,192,70,0,0,0,128,0,18,0,193,1,0,128,157,0,128,128,71,0,128,64,93,0,74,192,70,0,0,0,128,0,13,192,193,1,0,128,157,0,128,128,71,0,18,64,129,1,0,64,93,0,83,0,70,0,0,0,128,0,19,64,193,1,0,128,157,0,128,128,71,0,128,64,93,0,78,64,70,0,208,0,24,128,10,192,23,0,74,192,70,0,0,0,128,0,16,64,193,1,0,128,157,0,128,128,71,0,27,192,129,0,74,192,198,1,220,0,199,1,128,64,93,0,74,192,70,0,0,0,128,0,17,0,193,1,0,128,157,0,128,128,71,0,9,0,129,1,0,64,93,0,74,192,70,0,0,0,128,0,17,128,193,1,0,128,157,0,128,128,71,0,28,64,129,0,74,192,198,1,208,192,199,1,128,64,93,0,74,192,70,0,0,0,128,0,18,0,193,1,0,128,157,0,128,128,71,0,128,64,93,0,74,192,70,0,0,0,128,0,13,192,193,1,0,128,157,0,128,128,71,0,18,64,129,1,0,64,93,0,83,0,70,0,0,0,128,0,19,64,193,1,0,128,157,0,128,128,71,0,128,64,93,0,78,64,70,0,211,128,24,128,18,128,23,0,74,192,70,0,0,0,128,0,16,64,193,1,0,128,157,0,128,128,71,0,30,64,129,0,74,192,198,1,208,192,199,1,128,64,93,0,74,192,70,0,0,0,128,0,17,0,193,1,0,128,157,0,128,128,71,0,27,64,129,1,0,64,93,0,74,192,70,0,0,0,128,0,17,128,193,1,0,128,157,0,128,128,71,0,27,128,129,0,74,192,198,1,208,192,199,1,128,64,93,0,74,192,70,0,0,0,128,0,18,0,193,1,0,128,157,0,128,128,71,0,128,64,93,0,74,192,70,0,0,0,128,0,16,64,193,1,0,128,157,0,128,128,71,0,27,192,129,0,74,192,198,1,220,0,199,1,128,64,93,0,74,192,70,0,0,0,128,0,17,0,193,1,0,128,157,0,128,128,71,0,9,0,129,1,0,64,93,0,74,192,70,0,0,0,128,0,17,128,193,1,0,128,157,0,128,128,71,0,28,64,129,0,74,192,198,1,208,192,199,1,128,64,93,0,74,192,70,0,0,0,128,0,18,0,193,1,0,128,157,0,128,128,71,0,128,64,93,0,74,192,70,0,0,0,128,0,13,192,193,1,0,128,157,0,128,128,71,0,18,64,129,1,0,64,93,0,83,0,70,0,0,0,128,0,19,64,193,1,0,128,157,0,128,128,71,0,128,64,93,0,78,64,70,0,215,128,88,126,115,0,23,0,74,192,70,0,0,0,128,0,14,128,193,1,0,128,157,0,128,128,71,2,0,0,139,0,26,0,193,0,26,65,1,0,26,129,65,0,23,1,129,2,0,64,164,0,0,0,196,0,26,193,1,2,0,128,93,156,128,64,8,0,78,64,70,0,207,192,24,128,10,192,23,0,74,192,70,0,0,0,128,0,16,64,193,1,0,128,157,0,128,128,71,0,30,128,129,0,74,192,198,1,208,192,199,1,128,64,93,0,74,192,70,0,0,0,128,0,17,0,193,1,0,128,157,0,128,128,71,0,27,64,129,1,0,64,93,0,74,192,70,0,0,0,128,0,17,128,193,1,0,128,157,0,128,128,71,0,27,128,129,0,74,192,198,1,208,192,199,1,128,64,93,0,74,192,70,0,0,0,128,0,18,0,193,1,0,128,157,0,128,128,71,0,128,64,93,0,74,192,70,0,0,0,128,0,13,192,193,1,0,128,157,0,128,128,71,0,18,64,129,1,0,64,93,0,83,0,70,0,0,0,128,0,19,64,193,1,0,128,157,0,128,128,71,0,128,64,93,0,78,64,70,0,208,0,24,128,10,192,23,0,74,192,70,0,0,0,128,0,16,64,193,1,0,128,157,0,128,128,71,0,27,192,129,0,74,192,198,1,220,0,199,1,128,64,93,0,74,192,70,0,0,0,128,0,17,0,193,1,0,128,157,0,128,128,71,0,9,0,129,1,0,64,93,0,74,192,70,0,0,0,128,0,17,128,193,1,0,128,157,0,128,128,71,0,28,64,129,0,74,192,198,1,208,192,199,1,128,64,93,0,74,192,70,0,0,0,128,0,18,0,193,1,0,128,157,0,128,128,71,0,128,64,93,0,74,192,70,0,0,0,128,0,13,192,193,1,0,128,157,0,128,128,71,0,18,64,129,1,0,64,93,0,83,0,70,0,0,0,128,0,19,64,193,1,0,128,157,0,128,128,71,0,128,64,93,0,78,64,70,0,211,128,24,128,18,128,23,0,74,192,70,0,0,0,128,0,16,64,193,1,0,128,157,0,128,128,71,0,30,128,129,0,74,192,198,1,208,192,199,1,128,64,93,0,74,192,70,0,0,0,128,0,17,0,193,1,0,128,157,0,128,128,71,0,27,64,129,1,0,64,93,0,74,192,70,0,0,0,128,0,17,128,193,1,0,128,157,0,128,128,71,0,27,128,129,0,74,192,198,1,208,192,199,1,128,64,93,0,74,192,70,0,0,0,128,0,18,0,193,1,0,128,157,0,128,128,71,0,128,64,93,0,74,192,70,0,0,0,128,0,16,64,193,1,0,128,157,0,128,128,71,0,27,192,129,0,74,192,198,1,220,0,199,1,128,64,93,0,74,192,70,0,0,0,128,0,17,0,193,1,0,128,157,0,128,128,71,0,9,0,129,1,0,64,93,0,74,192,70,0,0,0,128,0,17,128,193,1,0,128,157,0,128,128,71,0,28,64,129,0,74,192,198,1,208,192,199,1,128,64,93,0,74,192,70,0,0,0,128,0,18,0,193,1,0,128,157,0,128,128,71,0,128,64,93,0,74,192,70,0,0,0,128,0,13,192,193,1,0,128,157,0,128,128,71,0,18,64,129,1,0,64,93,0,83,0,70,0,0,0,128,0,19,64,193,1,0,128,157,0,128,128,71,0,128,64,93,0,78,64,70,0,215,128,88,126,67,128,23,0,74,192,70,0,0,0,128,0,14,128,193,1,0,128,157,0,128,128,71,2,0,0,139,0,26,0,193,0,26,65,1,0,26,129,65,0,23,1,129,2,0,64,164,0,0,0,196,0,26,193,1,2,0,128,93,156,128,64,8,0,78,64,70,0,207,192,24,128,10,192,23,0,74,192,70,0,0,0,128,0,16,64,193,1,0,128,157,0,128,128,71,0,30,192,129,0,74,192,198,1,208,192,199,1,128,64,93,0,74,192,70,0,0,0,128,0,17,0,193,1,0,128,157,0,128,128,71,0,27,64,129,1,0,64,93,0,74,192,70,0,0,0,128,0,17,128,193,1,0,128,157,0,128,128,71,0,27,128,129,0,74,192,198,1,208,192,199,1,128,64,93,0,74,192,70,0,0,0,128,0,18,0,193,1,0,128,157,0,128,128,71,0,128,64,93,0,74,192,70,0,0,0,128,0,13,192,193,1,0,128,157,0,128,128,71,0,18,64,129,1,0,64,93,0,83,0,70,0,0,0,128,0,19,64,193,1,0,128,157,0,128,128,71,0,128,64,93,0,78,64,70,0,208,0,24,128,10,192,23,0,74,192,70,0,0,0,128,0,16,64,193,1,0,128,157,0,128,128,71,0,27,192,129,0,74,192,198,1,220,0,199,1,128,64,93,0,74,192,70,0,0,0,128,0,17,0,193,1,0,128,157,0,128,128,71,0,9,0,129,1,0,64,93,0,74,192,70,0,0,0,128,0,17,128,193,1,0,128,157,0,128,128,71,0,28,64,129,0,74,192,198,1,208,192,199,1,128,64,93,0,74,192,70,0,0,0,128,0,18,0,193,1,0,128,157,0,128,128,71,0,128,64,93,0,74,192,70,0,0,0,128,0,13,192,193,1,0,128,157,0,128,128,71,0,18,64,129,1,0,64,93,0,83,0,70,0,0,0,128,0,19,64,193,1,0,128,157,0,128,128,71,0,128,64,93,0,78,64,70,0,211,128,24,128,18,128,23,0,74,192,70,0,0,0,128,0,16,64,193,1,0,128,157,0,128,128,71,0,30,192,129,0,74,192,198,1,208,192,199,1,128,64,93,0,74,192,70,0,0,0,128,0,17,0,193,1,0,128,157,0,128,128,71,0,27,64,129,1,0,64,93,0,74,192,70,0,0,0,128,0,17,128,193,1,0,128,157,0,128,128,71,0,27,128,129,0,74,192,198,1,208,192,199,1,128,64,93,0,74,192,70,0,0,0,128,0,18,0,193,1,0,128,157,0,128,128,71,0,128,64,93,0,74,192,70,0,0,0,128,0,16,64,193,1,0,128,157,0,128,128,71,0,27,192,129,0,74,192,198,1,220,0,199,1,128,64,93,0,74,192,70,0,0,0,128,0,17,0,193,1,0,128,157,0,128,128,71,0,9,0,129,1,0,64,93,0,74,192,70,0,0,0,128,0,17,128,193,1,0,128,157,0,128,128,71,0,28,64,129,0,74,192,198,1,208,192,199,1,128,64,93,0,74,192,70,0,0,0,128,0,18,0,193,1,0,128,157,0,128,128,71,0,128,64,93,0,74,192,70,0,0,0,128,0,13,192,193,1,0,128,157,0,128,128,71,0,18,64,129,1,0,64,93,0,83,0,70,0,0,0,128,0,19,64,193,1,0,128,157,0,128,128,71,0,128,64,93,0,78,64,70,0,215,128,88,126,20,0,23,0,74,192,70,0,0,0,128,0,14,128,193,1,0,128,157,0,128,128,71,2,0,0,139,0,26,0,193,0,26,65,1,0,26,129,65,0,23,1,129,2,0,64,164,0,0,0,196,0,26,193,1,2,0,128,93,156,128,64,8,0,78,64,70,0,207,192,24,128,10,192,23,0,74,192,70,0,0,0,128,0,16,64,193,1,0,128,157,0,128,128,71,0,31,0,129,0,74,192,198,1,208,192,199,1,128,64,93,0,74,192,70,0,0,0,128,0,17,0,193,1,0,128,157,0,128,128,71,0,27,64,129,1,0,64,93,0,74,192,70,0,0,0,128,0,17,128,193,1,0,128,157,0,128,128,71,0,27,128,129,0,74,192,198,1,208,192,199,1,128,64,93,0,74,192,70,0,0,0,128,0,18,0,193,1,0,128,157,0,128,128,71,0,128,64,93,0,74,192,70,0,0,0,128,0,13,192,193,1,0,128,157,0,128,128,71,0,18,64,129,1,0,64,93,0,83,0,70,0,0,0,128,0,19,64,193,1,0,128,157,0,128,128,71,0,128,64,93,0,78,64,70,0,208,0,24,128,10,192,23,0,74,192,70,0,0,0,128,0,16,64,193,1,0,128,157,0,128,128,71,0,27,192,129,0,74,192,198,1,220,0,199,1,128,64,93,0,74,192,70,0,0,0,128,0,17,0,193,1,0,128,157,0,128,128,71,0,9,0,129,1,0,64,93,0,74,192,70,0,0,0,128,0,17,128,193,1,0,128,157,0,128,128,71,0,28,64,129,0,74,192,198,1,208,192,199,1,128,64,93,0,74,192,70,0,0,0,128,0,18,0,193,1,0,128,157,0,128,128,71,0,128,64,93,0,74,192,70,0,0,0,128,0,13,192,193,1,0,128,157,0,128,128,71,0,18,64,129,1,0,64,93,0,83,0,70,0,0,0,128,0,19,64,193,1,0,128,157,0,128,128,71,0,128,64,93,0,78,64,70,0,211,128,24,128,18,128,23,0,74,192,70,0,0,0,128,0,16,64,193,1,0,128,157,0,128,128,71,0,31,0,129,0,74,192,198,1,208,192,199,1,128,64,93,0,74,192,70,0,0,0,128,0,17,0,193,1,0,128,157,0,128,128,71,0,27,64,129,1,0,64,93,0,74,192,70,0,0,0,128,0,17,128,193,1,0,128,157,0,128,128,71,0,27,128,129,0,74,192,198,1,208,192,199,1,128,64,93,0,74,192,70,0,0,0,128,0,18,0,193,1,0,128,157,0,128,128,71,0,128,64,93,0,74,192,70,0,0,0,128,0,16,64,193,1,0,128,157,0,128,128,71,0,27,192,129,0,74,192,198,1,220,0,199,1,128,64,93,0,74,192,70,0,0,0,128,0,17,0,193,1,0,128,157,0,128,128,71,0,9,0,129,1,0,64,93,0,74,192,70,0,0,0,128,0,17,128,193,1,0,128,157,0,128,128,71,0,28,64,129,0,74,192,198,1,208,192,199,1,128,64,93,0,74,192,70,0,0,0,128,0,18,0,193,1,0,128,157,0,128,128,71,0,128,64,93,0,74,192,70,0,0,0,128,0,13,192,193,1,0,128,157,0,128,128,71,0,18,64,129,1,0,64,93,0,83,0,70,0,0,0,128,0,19,64,193,1,0,128,157,0,128,128,71,0,128,64,93,0,78,64,70,0,215,128,88,125,228,128,23,0,74,192,70,0,0,0,128,0,14,128,193,1,0,128,157,0,128,128,71,2,0,0,139,0,26,0,193,0,26,65,1,0,26,129,65,0,23,1,129,2,0,64,164,0,0,0,196,0,26,193,1,2,0,128,93,156,128,64,8,0,78,64,70,0,207,192,24,128,10,192,23,0,74,192,70,0,0,0,128,0,16,64,193,1,0,128,157,0,128,128,71,0,31,64,129,0,74,192,198,1,208,192,199,1,128,64,93,0,74,192,70,0,0,0,128,0,17,0,193,1,0,128,157,0,128,128,71,0,27,64,129,1,0,64,93,0,74,192,70,0,0,0,128,0,17,128,193,1,0,128,157,0,128,128,71,0,27,128,129,0,74,192,198,1,208,192,199,1,128,64,93,0,74,192,70,0,0,0,128,0,18,0,193,1,0,128,157,0,128,128,71,0,128,64,93,0,74,192,70,0,0,0,128,0,13,192,193,1,0,128,157,0,128,128,71,0,18,64,129,1,0,64,93,0,83,0,70,0,0,0,128,0,19,64,193,1,0,128,157,0,128,128,71,0,128,64,93,0,78,64,70,0,208,0,24,128,10,192,23,0,74,192,70,0,0,0,128,0,16,64,193,1,0,128,157,0,128,128,71,0,27,192,129,0,74,192,198,1,220,0,199,1,128,64,93,0,74,192,70,0,0,0,128,0,17,0,193,1,0,128,157,0,128,128,71,0,9,0,129,1,0,64,93,0,74,192,70,0,0,0,128,0,17,128,193,1,0,128,157,0,128,128,71,0,28,64,129,0,74,192,198,1,208,192,199,1,128,64,93,0,74,192,70,0,0,0,128,0,18,0,193,1,0,128,157,0,128,128,71,0,128,64,93,0,74,192,70,0,0,0,128,0,13,192,193,1,0,128,157,0,128,128,71,0,18,64,129,1,0,64,93,0,83,0,70,0,0,0,128,0,19,64,193,1,0,128,157,0,128,128,71,0,128,64,93,0,78,64,70,0,211,128,24,128,18,128,23,0,74,192,70,0,0,0,128,0,16,64,193,1,0,128,157,0,128,128,71,0,31,64,129,0,74,192,198,1,208,192,199,1,128,64,93,0,74,192,70,0,0,0,128,0,17,0,193,1,0,128,157,0,128,128,71,0,27,64,129,1,0,64,93,0,74,192,70,0,0,0,128,0,17,128,193,1,0,128,157,0,128,128,71,0,27,128,129,0,74,192,198,1,208,192,199,1,128,64,93,0,74,192,70,0,0,0,128,0,18,0,193,1,0,128,157,0,128,128,71,0,128,64,93,0,74,192,70,0,0,0,128,0,16,64,193,1,0,128,157,0,128,128,71,0,27,192,129,0,74,192,198,1,220,0,199,1,128,64,93,0,74,192,70,0,0,0,128,0,17,0,193,1,0,128,157,0,128,128,71,0,9,0,129,1,0,64,93,0,74,192,70,0,0,0,128,0,17,128,193,1,0,128,157,0,128,128,71,0,28,64,129,0,74,192,198,1,208,192,199,1,128,64,93,0,74,192,70,0,0,0,128,0,18,0,193,1,0,128,157,0,128,128,71,0,128,64,93,0,74,192,70,0,0,0,128,0,13,192,193,1,0,128,157,0,128,128,71,0,18,64,129,1,0,64,93,0,83,0,70,0,0,0,128,0,19,64,193,1,0,128,157,0,128,128,71,0,128,64,93,0,78,64,70,0,215,128,88,125,181,0,23,0,74,192,70,0,0,0,128,0,14,128,193,1,0,128,157,0,128,128,71,3,0,0,139,0,31,128,193,0,31,193,1,0,32,1,65,0,32,65,129,0,32,129,193,0,23,2,1,3,0,64,164,0,0,0,196,0,32,193,1,2,0,128,93,156,128,64,8,0,78,64,70,0,207,192,24,128,97,192,23,0,74,192,70,0,0,0,128,0,13,192,193,1,0,128,157,0,128,128,71,0,33,0,129,1,0,64,93,0,74,192,70,0,0,0,128,0,16,64,193,1,0,128,157,0,128,128,71,0,27,0,129,0,74,192,198,1,208,192,199,1,128,64,93,0,74,192,70,0,0,0,128,0,17,0,193,1,0,128,157,0,128,128,71,0,27,64,129,1,0,64,93,0,74,192,70,0,0,0,128,0,17,128,193,1,0,128,157,0,128,128,71,0,33,64,129,0,74,192,198,1,208,192,199,1,128,64,93,0,74,192,70,0,0,0,128,0,18,0,193,1,0,128,157,0,128,128,71,0,128,64,93,0,74,192,70,0,0,0,128,0,16,64,193,1,0,128,157,0,128,128,71,0,28,128,129,0,74,192,198,1,208,192,199,1,128,64,93,0,74,192,70,0,0,0,128,0,17,0,193,1,0,128,157,0,128,128,71,0,27,64,129,1,0,64,93,0,74,192,70,0,0,0,128,0,17,128,193,1,0,128,157,0,128,128,71,0,33,64,129,0,74,192,198,1,208,192,199,1,128,64,93,0,74,192,70,0,0,0,128,0,18,0,193,1,0,128,157,0,128,128,71,0,128,64,93,0,74,192,70,0,0,0,128,0,16,64,193,1,0,128,157,0,128,128,71,0,28,192,129,0,74,192,198,1,208,192,199,1,128,64,93,0,74,192,70,0,0,0,128,0,17,0,193,1,0,128,157,0,128,128,71,0,27,64,129,1,0,64,93,0,74,192,70,0,0,0,128,0,17,128,193,1,0,128,157,0,128,128,71,0,33,64,129,0,74,192,198,1,208,192,199,1,128,64,93,0,74,192,70,0,0,0,128,0,18,0,193,1,0,128,157,0,128,128,71,0,128,64,93,0,74,192,70,0,0,0,128,0,16,64,193,1,0,128,157,0,128,128,71,0,29,0,129,0,74,192,198,1,208,192,199,1,128,64,93,0,74,192,70,0,0,0,128,0,17,0,193,1,0,128,157,0,128,128,71,0,27,64,129,1,0,64,93,0,74,192,70,0,0,0,128,0,17,128,193,1,0,128,157,0,128,128,71,0,33,64,129,0,74,192,198,1,208,192,199,1,128,64,93,0,74,192,70,0,0,0,128,0,18,0,193,1,0,128,157,0,128,128,71,0,128,64,93,0,74,192,70,0,0,0,128,0,16,64,193,1,0,128,157,0,128,128,71,0,29,128,129,0,74,192,198,1,208,192,199,1,128,64,93,0,74,192,70,0,0,0,128,0,17,0,193,1,0,128,157,0,128,128,71,0,27,64,129,1,0,64,93,0,74,192,70,0,0,0,128,0,17,128,193,1,0,128,157,0,128,128,71,0,33,64,129,0,74,192,198,1,208,192,199,1,128,64,93,0,74,192,70,0,0,0,128,0,18,0,193,1,0,128,157,0,128,128,71,0,128,64,93,0,74,192,70,0,0,0,128,0,16,64,193,1,0,128,157,0,128,128,71,0,29,192,129,0,74,192,198,1,208,192,199,1,128,64,93,0,74,192,70,0,0,0,128,0,17,0,193,1,0,128,157,0,128,128,71,0,27,64,129,1,0,64,93,0,74,192,70,0,0,0,128,0,17,128,193,1,0,128,157,0,128,128,71,0,33,64,129,0,74,192,198,1,208,192,199,1,128,64,93,0,74,192,70,0,0,0,128,0,18,0,193,1,0,128,157,0,128,128,71,0,128,64,93,0,74,192,70,0,0,0,128,0,16,64,193,1,0,128,157,0,128,128,71,0,30,0,129,0,74,192,198,1,208,192,199,1,128,64,93,0,74,192,70,0,0,0,128,0,17,0,193,1,0,128,157,0,128,128,71,0,27,64,129,1,0,64,93,0,74,192,70,0,0,0,128,0,17,128,193,1,0,128,157,0,128,128,71,0,33,64,129,0,74,192,198,1,208,192,199,1,128,64,93,0,74,192,70,0,0,0,128,0,18,0,193,1,0,128,157,0,128,128,71,0,128,64,93,0,74,192,70,0,0,0,128,0,16,64,193,1,0,128,157,0,128,128,71,0,30,64,129,0,74,192,198,1,208,192,199,1,128,64,93,0,74,192,70,0,0,0,128,0,17,0,193,1,0,128,157,0,128,128,71,0,27,64,129,1,0,64,93,0,74,192,70,0,0,0,128,0,17,128,193,1,0,128,157,0,128,128,71,0,33,64,129,0,74,192,198,1,208,192,199,1,128,64,93,0,74,192,70,0,0,0,128,0,18,0,193,1,0,128,157,0,128,128,71,0,128,64,93,0,74,192,70,0,0,0,128,0,16,64,193,1,0,128,157,0,128,128,71,0,30,128,129,0,74,192,198,1,208,192,199,1,128,64,93,0,74,192,70,0,0,0,128,0,17,0,193,1,0,128,157,0,128,128,71,0,27,64,129,1,0,64,93,0,74,192,70,0,0,0,128,0,17,128,193,1,0,128,157,0,128,128,71,0,33,64,129,0,74,192,198,1,208,192,199,1,128,64,93,0,74,192,70,0,0,0,128,0,18,0,193,1,0,128,157,0,128,128,71,0,128,64,93,0,74,192,70,0,0,0,128,0,16,64,193,1,0,128,157,0,128,128,71,0,30,192,129,0,74,192,198,1,208,192,199,1,128,64,93,0,74,192,70,0,0,0,128,0,17,0,193,1,0,128,157,0,128,128,71,0,27,64,129,1,0,64,93,0,74,192,70,0,0,0,128,0,17,128,193,1,0,128,157,0,128,128,71,0,33,64,129,0,74,192,198,1,208,192,199,1,128,64,93,0,74,192,70,0,0,0,128,0,18,0,193,1,0,128,157,0,128,128,71,0,128,64,93,0,74,192,70,0,0,0,128,0,16,64,193,1,0,128,157,0,128,128,71,0,31,0,129,0,74,192,198,1,208,192,199,1,128,64,93,0,74,192,70,0,0,0,128,0,17,0,193,1,0,128,157,0,128,128,71,0,27,64,129,1,0,64,93,0,74,192,70,0,0,0,128,0,17,128,193,1,0,128,157,0,128,128,71,0,33,64,129,0,74,192,198,1,208,192,199,1,128,64,93,0,74,192,70,0,0,0,128,0,18,0,193,1,0,128,157,0,128,128,71,0,128,64,93,0,74,192,70,0,0,0,128,0,16,64,193,1,0,128,157,0,128,128,71,0,31,64,129,0,74,192,198,1,208,192,199,1,128,64,93,0,74,192,70,0,0,0,128,0,17,0,193,1,0,128,157,0,128,128,71,0,27,64,129,1,0,64,93,0,74,192,70,0,0,0,128,0,17,128,193,1,0,128,157,0,128,128,71,0,33,64,129,0,74,192,198,1,208,192,199,1,128,64,93,0,74,192,70,0,0,0,128,0,18,0,193,1,0,128,157,0,128,128,71,0,128,64,93,0,74,192,70,0,0,0,128,0,13,192,193,1,0,128,157,0,128,128,71,0,18,64,129,1,0,64,93,0,83,0,70,0,0,0,128,0,19,64,193,1,0,128,157,0,128,128,71,0,128,64,93,0,78,64,70,0,208,0,24,128,97,192,23,0,74,192,70,0,0,0,128,0,13,192,193,1,0,128,157,0,128,128,71,0,33,0,129,1,0,64,93,0,74,192,70,0,0,0,128,0,16,64,193,1,0,128,157,0,128,128,71,0,27,0,129,0,74,192,198,1,208,192,199,1,128,64,93,0,74,192,70,0,0,0,128,0,17,0,193,1,0,128,157,0,128,128,71,0,27,64,129,1,0,64,93,0,74,192,70,0,0,0,128,0,17,128,193,1,0,128,157,0,128,128,71,0,33,128,129,0,74,192,198,1,208,192,199,1,128,64,93,0,74,192,70,0,0,0,128,0,18,0,193,1,0,128,157,0,128,128,71,0,128,64,93,0,74,192,70,0,0,0,128,0,16,64,193,1,0,128,157,0,128,128,71,0,28,128,129,0,74,192,198,1,208,192,199,1,128,64,93,0,74,192,70,0,0,0,128,0,17,0,193,1,0,128,157,0,128,128,71,0,27,64,129,1,0,64,93,0,74,192,70,0,0,0,128,0,17,128,193,1,0,128,157,0,128,128,71,0,33,128,129,0,74,192,198,1,208,192,199,1,128,64,93,0,74,192,70,0,0,0,128,0,18,0,193,1,0,128,157,0,128,128,71,0,128,64,93,0,74,192,70,0,0,0,128,0,16,64,193,1,0,128,157,0,128,128,71,0,28,192,129,0,74,192,198,1,208,192,199,1,128,64,93,0,74,192,70,0,0,0,128,0,17,0,193,1,0,128,157,0,128,128,71,0,27,64,129,1,0,64,93,0,74,192,70,0,0,0,128,0,17,128,193,1,0,128,157,0,128,128,71,0,33,128,129,0,74,192,198,1,208,192,199,1,128,64,93,0,74,192,70,0,0,0,128,0,18,0,193,1,0,128,157,0,128,128,71,0,128,64,93,0,74,192,70,0,0,0,128,0,16,64,193,1,0,128,157,0,128,128,71,0,29,0,129,0,74,192,198,1,208,192,199,1,128,64,93,0,74,192,70,0,0,0,128,0,17,0,193,1,0,128,157,0,128,128,71,0,27,64,129,1,0,64,93,0,74,192,70,0,0,0,128,0,17,128,193,1,0,128,157,0,128,128,71,0,33,128,129,0,74,192,198,1,208,192,199,1,128,64,93,0,74,192,70,0,0,0,128,0,18,0,193,1,0,128,157,0,128,128,71,0,128,64,93,0,74,192,70,0,0,0,128,0,16,64,193,1,0,128,157,0,128,128,71,0,29,128,129,0,74,192,198,1,208,192,199,1,128,64,93,0,74,192,70,0,0,0,128,0,17,0,193,1,0,128,157,0,128,128,71,0,27,64,129,1,0,64,93,0,74,192,70,0,0,0,128,0,17,128,193,1,0,128,157,0,128,128,71,0,33,128,129,0,74,192,198,1,208,192,199,1,128,64,93,0,74,192,70,0,0,0,128,0,18,0,193,1,0,128,157,0,128,128,71,0,128,64,93,0,74,192,70,0,0,0,128,0,16,64,193,1,0,128,157,0,128,128,71,0,29,192,129,0,74,192,198,1,208,192,199,1,128,64,93,0,74,192,70,0,0,0,128,0,17,0,193,1,0,128,157,0,128,128,71,0,27,64,129,1,0,64,93,0,74,192,70,0,0,0,128,0,17,128,193,1,0,128,157,0,128,128,71,0,33,128,129,0,74,192,198,1,208,192,199,1,128,64,93,0,74,192,70,0,0,0,128,0,18,0,193,1,0,128,157,0,128,128,71,0,128,64,93,0,74,192,70,0,0,0,128,0,16,64,193,1,0,128,157,0,128,128,71,0,30,0,129,0,74,192,198,1,208,192,199,1,128,64,93,0,74,192,70,0,0,0,128,0,17,0,193,1,0,128,157,0,128,128,71,0,27,64,129,1,0,64,93,0,74,192,70,0,0,0,128,0,17,128,193,1,0,128,157,0,128,128,71,0,33,128,129,0,74,192,198,1,208,192,199,1,128,64,93,0,74,192,70,0,0,0,128,0,18,0,193,1,0,128,157,0,128,128,71,0,128,64,93,0,74,192,70,0,0,0,128,0,16,64,193,1,0,128,157,0,128,128,71,0,30,64,129,0,74,192,198,1,208,192,199,1,128,64,93,0,74,192,70,0,0,0,128,0,17,0,193,1,0,128,157,0,128,128,71,0,27,64,129,1,0,64,93,0,74,192,70,0,0,0,128,0,17,128,193,1,0,128,157,0,128,128,71,0,33,128,129,0,74,192,198,1,208,192,199,1,128,64,93,0,74,192,70,0,0,0,128,0,18,0,193,1,0,128,157,0,128,128,71,0,128,64,93,0,74,192,70,0,0,0,128,0,16,64,193,1,0,128,157,0,128,128,71,0,30,128,129,0,74,192,198,1,208,192,199,1,128,64,93,0,74,192,70,0,0,0,128,0,17,0,193,1,0,128,157,0,128,128,71,0,27,64,129,1,0,64,93,0,74,192,70,0,0,0,128,0,17,128,193,1,0,128,157,0,128,128,71,0,33,128,129,0,74,192,198,1,208,192,199,1,128,64,93,0,74,192,70,0,0,0,128,0,18,0,193,1,0,128,157,0,128,128,71,0,128,64,93,0,74,192,70,0,0,0,128,0,16,64,193,1,0,128,157,0,128,128,71,0,30,192,129,0,74,192,198,1,208,192,199,1,128,64,93,0,74,192,70,0,0,0,128,0,17,0,193,1,0,128,157,0,128,128,71,0,27,64,129,1,0,64,93,0,74,192,70,0,0,0,128,0,17,128,193,1,0,128,157,0,128,128,71,0,33,128,129,0,74,192,198,1,208,192,199,1,128,64,93,0,74,192,70,0,0,0,128,0,18,0,193,1,0,128,157,0,128,128,71,0,128,64,93,0,74,192,70,0,0,0,128,0,16,64,193,1,0,128,157,0,128,128,71,0,31,0,129,0,74,192,198,1,208,192,199,1,128,64,93,0,74,192,70,0,0,0,128,0,17,0,193,1,0,128,157,0,128,128,71,0,27,64,129,1,0,64,93,0,74,192,70,0,0,0,128,0,17,128,193,1,0,128,157,0,128,128,71,0,33,128,129,0,74,192,198,1,208,192,199,1,128,64,93,0,74,192,70,0,0,0,128,0,18,0,193,1,0,128,157,0,128,128,71,0,128,64,93,0,74,192,70,0,0,0,128,0,16,64,193,1,0,128,157,0,128,128,71,0,31,64,129,0,74,192,198,1,208,192,199,1,128,64,93,0,74,192,70,0,0,0,128,0,17,0,193,1,0,128,157,0,128,128,71,0,27,64,129,1,0,64,93,0,74,192,70,0,0,0,128,0,17,128,193,1,0,128,157,0,128,128,71,0,33,128,129,0,74,192,198,1,208,192,199,1,128,64,93,0,74,192,70,0,0,0,128,0,18,0,193,1,0,128,157,0,128,128,71,0,128,64,93,0,74,192,70,0,0,0,128,0,13,192,193,1,0,128,157,0,128,128,71,0,18,64,129,1,0,64,93,0,83,0,70,0,0,0,128,0,19,64,193,1,0,128,157,0,128,128,71,0,128,64,93,0,78,64,70,0,211,128,24,128,97,192,23,0,74,192,70,0,0,0,128,0,13,192,193,1,0,128,157,0,128,128,71,0,33,0,129,1,0,64,93,0,74,192,70,0,0,0,128,0,16,64,193,1,0,128,157,0,128,128,71,0,27,0,129,0,74,192,198,1,208,192,199,1,128,64,93,0,74,192,70,0,0,0,128,0,17,0,193,1,0,128,157,0,128,128,71,0,27,64,129,1,0,64,93,0,74,192,70,0,0,0,128,0,17,128,193,1,0,128,157,0,128,128,71,0,33,192,129,0,74,192,198,1,208,192,199,1,128,64,93,0,74,192,70,0,0,0,128,0,18,0,193,1,0,128,157,0,128,128,71,0,128,64,93,0,74,192,70,0,0,0,128,0,16,64,193,1,0,128,157,0,128,128,71,0,28,128,129,0,74,192,198,1,208,192,199,1,128,64,93,0,74,192,70,0,0,0,128,0,17,0,193,1,0,128,157,0,128,128,71,0,27,64,129,1,0,64,93,0,74,192,70,0,0,0,128,0,17,128,193,1,0,128,157,0,128,128,71,0,33,192,129,0,74,192,198,1,208,192,199,1,128,64,93,0,74,192,70,0,0,0,128,0,18,0,193,1,0,128,157,0,128,128,71,0,128,64,93,0,74,192,70,0,0,0,128,0,16,64,193,1,0,128,157,0,128,128,71,0,28,192,129,0,74,192,198,1,208,192,199,1,128,64,93,0,74,192,70,0,0,0,128,0,17,0,193,1,0,128,157,0,128,128,71,0,27,64,129,1,0,64,93,0,74,192,70,0,0,0,128,0,17,128,193,1,0,128,157,0,128,128,71,0,33,192,129,0,74,192,198,1,208,192,199,1,128,64,93,0,74,192,70,0,0,0,128,0,18,0,193,1,0,128,157,0,128,128,71,0,128,64,93,0,74,192,70,0,0,0,128,0,16,64,193,1,0,128,157,0,128,128,71,0,29,0,129,0,74,192,198,1,208,192,199,1,128,64,93,0,74,192,70,0,0,0,128,0,17,0,193,1,0,128,157,0,128,128,71,0,27,64,129,1,0,64,93,0,74,192,70,0,0,0,128,0,17,128,193,1,0,128,157,0,128,128,71,0,33,192,129,0,74,192,198,1,208,192,199,1,128,64,93,0,74,192,70,0,0,0,128,0,18,0,193,1,0,128,157,0,128,128,71,0,128,64,93,0,74,192,70,0,0,0,128,0,16,64,193,1,0,128,157,0,128,128,71,0,29,128,129,0,74,192,198,1,208,192,199,1,128,64,93,0,74,192,70,0,0,0,128,0,17,0,193,1,0,128,157,0,128,128,71,0,27,64,129,1,0,64,93,0,74,192,70,0,0,0,128,0,17,128,193,1,0,128,157,0,128,128,71,0,33,192,129,0,74,192,198,1,208,192,199,1,128,64,93,0,74,192,70,0,0,0,128,0,18,0,193,1,0,128,157,0,128,128,71,0,128,64,93,0,74,192,70,0,0,0,128,0,16,64,193,1,0,128,157,0,128,128,71,0,29,192,129,0,74,192,198,1,208,192,199,1,128,64,93,0,74,192,70,0,0,0,128,0,17,0,193,1,0,128,157,0,128,128,71,0,27,64,129,1,0,64,93,0,74,192,70,0,0,0,128,0,17,128,193,1,0,128,157,0,128,128,71,0,33,192,129,0,74,192,198,1,208,192,199,1,128,64,93,0,74,192,70,0,0,0,128,0,18,0,193,1,0,128,157,0,128,128,71,0,128,64,93,0,74,192,70,0,0,0,128,0,16,64,193,1,0,128,157,0,128,128,71,0,30,0,129,0,74,192,198,1,208,192,199,1,128,64,93,0,74,192,70,0,0,0,128,0,17,0,193,1,0,128,157,0,128,128,71,0,27,64,129,1,0,64,93,0,74,192,70,0,0,0,128,0,17,128,193,1,0,128,157,0,128,128,71,0,33,192,129,0,74,192,198,1,208,192,199,1,128,64,93,0,74,192,70,0,0,0,128,0,18,0,193,1,0,128,157,0,128,128,71,0,128,64,93,0,74,192,70,0,0,0,128,0,16,64,193,1,0,128,157,0,128,128,71,0,30,64,129,0,74,192,198,1,208,192,199,1,128,64,93,0,74,192,70,0,0,0,128,0,17,0,193,1,0,128,157,0,128,128,71,0,27,64,129,1,0,64,93,0,74,192,70,0,0,0,128,0,17,128,193,1,0,128,157,0,128,128,71,0,33,192,129,0,74,192,198,1,208,192,199,1,128,64,93,0,74,192,70,0,0,0,128,0,18,0,193,1,0,128,157,0,128,128,71,0,128,64,93,0,74,192,70,0,0,0,128,0,16,64,193,1,0,128,157,0,128,128,71,0,30,128,129,0,74,192,198,1,208,192,199,1,128,64,93,0,74,192,70,0,0,0,128,0,17,0,193,1,0,128,157,0,128,128,71,0,27,64,129,1,0,64,93,0,74,192,70,0,0,0,128,0,17,128,193,1,0,128,157,0,128,128,71,0,33,192,129,0,74,192,198,1,208,192,199,1,128,64,93,0,74,192,70,0,0,0,128,0,18,0,193,1,0,128,157,0,128,128,71,0,128,64,93,0,74,192,70,0,0,0,128,0,16,64,193,1,0,128,157,0,128,128,71,0,30,192,129,0,74,192,198,1,208,192,199,1,128,64,93,0,74,192,70,0,0,0,128,0,17,0,193,1,0,128,157,0,128,128,71,0,27,64,129,1,0,64,93,0,74,192,70,0,0,0,128,0,17,128,193,1,0,128,157,0,128,128,71,0,33,192,129,0,74,192,198,1,208,192,199,1,128,64,93,0,74,192,70,0,0,0,128,0,18,0,193,1,0,128,157,0,128,128,71,0,128,64,93,0,74,192,70,0,0,0,128,0,16,64,193,1,0,128,157,0,128,128,71,0,31,0,129,0,74,192,198,1,208,192,199,1,128,64,93,0,74,192,70,0,0,0,128,0,17,0,193,1,0,128,157,0,128,128,71,0,27,64,129,1,0,64,93,0,74,192,70,0,0,0,128,0,17,128,193,1,0,128,157,0,128,128,71,0,33,192,129,0,74,192,198,1,208,192,199,1,128,64,93,0,74,192,70,0,0,0,128,0,18,0,193,1,0,128,157,0,128,128,71,0,128,64,93,0,74,192,70,0,0,0,128,0,16,64,193,1,0,128,157,0,128,128,71,0,31,64,129,0,74,192,198,1,208,192,199,1,128,64,93,0,74,192,70,0,0,0,128,0,17,0,193,1,0,128,157,0,128,128,71,0,27,64,129,1,0,64,93,0,74,192,70,0,0,0,128,0,17,128,193,1,0,128,157,0,128,128,71,0,33,192,129,0,74,192,198,1,208,192,199,1,128,64,93,0,74,192,70,0,0,0,128,0,18,0,193,1,0,128,157,0,128,128,71,0,128,64,93,0,74,192,70,0,0,0,128,0,13,192,193,1,0,128,157,0,128,128,71,0,18,64,129,1,0,64,93,0,83,0,70,0,0,0,128,0,19,64,193,1,0,128,157,0,128,128,71,0,128,64,93,0,78,64,70,0,215,128,24,128,97,192,23,0,74,192,70,0,0,0,128,0,13,192,193,1,0,128,157,0,128,128,71,0,33,0,129,1,0,64,93,0,74,192,70,0,0,0,128,0,16,64,193,1,0,128,157,0,128,128,71,0,27,0,129,0,74,192,198,1,208,192,199,1,128,64,93,0,74,192,70,0,0,0,128,0,17,0,193,1,0,128,157,0,128,128,71,0,27,64,129,1,0,64,93,0,74,192,70,0,0,0,128,0,17,128,193,1,0,128,157,0,128,128,71,0,34,0,129,0,74,192,198,1,208,192,199,1,128,64,93,0,74,192,70,0,0,0,128,0,18,0,193,1,0,128,157,0,128,128,71,0,128,64,93,0,74,192,70,0,0,0,128,0,16,64,193,1,0,128,157,0,128,128,71,0,28,128,129,0,74,192,198,1,208,192,199,1,128,64,93,0,74,192,70,0,0,0,128,0,17,0,193,1,0,128,157,0,128,128,71,0,27,64,129,1,0,64,93,0,74,192,70,0,0,0,128,0,17,128,193,1,0,128,157,0,128,128,71,0,34,0,129,0,74,192,198,1,208,192,199,1,128,64,93,0,74,192,70,0,0,0,128,0,18,0,193,1,0,128,157,0,128,128,71,0,128,64,93,0,74,192,70,0,0,0,128,0,16,64,193,1,0,128,157,0,128,128,71,0,28,192,129,0,74,192,198,1,208,192,199,1,128,64,93,0,74,192,70,0,0,0,128,0,17,0,193,1,0,128,157,0,128,128,71,0,27,64,129,1,0,64,93,0,74,192,70,0,0,0,128,0,17,128,193,1,0,128,157,0,128,128,71,0,34,0,129,0,74,192,198,1,208,192,199,1,128,64,93,0,74,192,70,0,0,0,128,0,18,0,193,1,0,128,157,0,128,128,71,0,128,64,93,0,74,192,70,0,0,0,128,0,16,64,193,1,0,128,157,0,128,128,71,0,29,0,129,0,74,192,198,1,208,192,199,1,128,64,93,0,74,192,70,0,0,0,128,0,17,0,193,1,0,128,157,0,128,128,71,0,27,64,129,1,0,64,93,0,74,192,70,0,0,0,128,0,17,128,193,1,0,128,157,0,128,128,71,0,34,0,129,0,74,192,198,1,208,192,199,1,128,64,93,0,74,192,70,0,0,0,128,0,18,0,193,1,0,128,157,0,128,128,71,0,128,64,93,0,74,192,70,0,0,0,128,0,16,64,193,1,0,128,157,0,128,128,71,0,29,128,129,0,74,192,198,1,208,192,199,1,128,64,93,0,74,192,70,0,0,0,128,0,17,0,193,1,0,128,157,0,128,128,71,0,27,64,129,1,0,64,93,0,74,192,70,0,0,0,128,0,17,128,193,1,0,128,157,0,128,128,71,0,34,0,129,0,74,192,198,1,208,192,199,1,128,64,93,0,74,192,70,0,0,0,128,0,18,0,193,1,0,128,157,0,128,128,71,0,128,64,93,0,74,192,70,0,0,0,128,0,16,64,193,1,0,128,157,0,128,128,71,0,29,192,129,0,74,192,198,1,208,192,199,1,128,64,93,0,74,192,70,0,0,0,128,0,17,0,193,1,0,128,157,0,128,128,71,0,27,64,129,1,0,64,93,0,74,192,70,0,0,0,128,0,17,128,193,1,0,128,157,0,128,128,71,0,34,0,129,0,74,192,198,1,208,192,199,1,128,64,93,0,74,192,70,0,0,0,128,0,18,0,193,1,0,128,157,0,128,128,71,0,128,64,93,0,74,192,70,0,0,0,128,0,16,64,193,1,0,128,157,0,128,128,71,0,30,0,129,0,74,192,198,1,208,192,199,1,128,64,93,0,74,192,70,0,0,0,128,0,17,0,193,1,0,128,157,0,128,128,71,0,27,64,129,1,0,64,93,0,74,192,70,0,0,0,128,0,17,128,193,1,0,128,157,0,128,128,71,0,34,0,129,0,74,192,198,1,208,192,199,1,128,64,93,0,74,192,70,0,0,0,128,0,18,0,193,1,0,128,157,0,128,128,71,0,128,64,93,0,74,192,70,0,0,0,128,0,16,64,193,1,0,128,157,0,128,128,71,0,30,64,129,0,74,192,198,1,208,192,199,1,128,64,93,0,74,192,70,0,0,0,128,0,17,0,193,1,0,128,157,0,128,128,71,0,27,64,129,1,0,64,93,0,74,192,70,0,0,0,128,0,17,128,193,1,0,128,157,0,128,128,71,0,34,0,129,0,74,192,198,1,208,192,199,1,128,64,93,0,74,192,70,0,0,0,128,0,18,0,193,1,0,128,157,0,128,128,71,0,128,64,93,0,74,192,70,0,0,0,128,0,16,64,193,1,0,128,157,0,128,128,71,0,30,128,129,0,74,192,198,1,208,192,199,1,128,64,93,0,74,192,70,0,0,0,128,0,17,0,193,1,0,128,157,0,128,128,71,0,27,64,129,1,0,64,93,0,74,192,70,0,0,0,128,0,17,128,193,1,0,128,157,0,128,128,71,0,34,0,129,0,74,192,198,1,208,192,199,1,128,64,93,0,74,192,70,0,0,0,128,0,18,0,193,1,0,128,157,0,128,128,71,0,128,64,93,0,74,192,70,0,0,0,128,0,16,64,193,1,0,128,157,0,128,128,71,0,30,192,129,0,74,192,198,1,208,192,199,1,128,64,93,0,74,192,70,0,0,0,128,0,17,0,193,1,0,128,157,0,128,128,71,0,27,64,129,1,0,64,93,0,74,192,70,0,0,0,128,0,17,128,193,1,0,128,157,0,128,128,71,0,34,0,129,0,74,192,198,1,208,192,199,1,128,64,93,0,74,192,70,0,0,0,128,0,18,0,193,1,0,128,157,0,128,128,71,0,128,64,93,0,74,192,70,0,0,0,128,0,16,64,193,1,0,128,157,0,128,128,71,0,31,0,129,0,74,192,198,1,208,192,199,1,128,64,93,0,74,192,70,0,0,0,128,0,17,0,193,1,0,128,157,0,128,128,71,0,27,64,129,1,0,64,93,0,74,192,70,0,0,0,128,0,17,128,193,1,0,128,157,0,128,128,71,0,34,0,129,0,74,192,198,1,208,192,199,1,128,64,93,0,74,192,70,0,0,0,128,0,18,0,193,1,0,128,157,0,128,128,71,0,128,64,93,0,74,192,70,0,0,0,128,0,16,64,193,1,0,128,157,0,128,128,71,0,31,64,129,0,74,192,198,1,208,192,199,1,128,64,93,0,74,192,70,0,0,0,128,0,17,0,193,1,0,128,157,0,128,128,71,0,27,64,129,1,0,64,93,0,74,192,70,0,0,0,128,0,17,128,193,1,0,128,157,0,128,128,71,0,34,0,129,0,74,192,198,1,208,192,199,1,128,64,93,0,74,192,70,0,0,0,128,0,18,0,193,1,0,128,157,0,128,128,71,0,128,64,93,0,74,192,70,0,0,0,128,0,13,192,193,1,0,128,157,0,128,128,71,0,18,64,129,1,0,64,93,0,83,0,70,0,0,0,128,0,19,64,193,1,0,128,157,0,128,128,71,0,128,64,93,0,78,64,70,0,215,192,24,128,97,192,23,0,74,192,70,0,0,0,128,0,13,192,193,1,0,128,157,0,128,128,71,0,33,0,129,1,0,64,93,0,74,192,70,0,0,0,128,0,16,64,193,1,0,128,157,0,128,128,71,0,27,0,129,0,74,192,198,1,208,192,199,1,128,64,93,0,74,192,70,0,0,0,128,0,17,0,193,1,0,128,157,0,128,128,71,0,27,64,129,1,0,64,93,0,74,192,70,0,0,0,128,0,17,128,193,1,0,128,157,0,128,128,71,0,27,128,129,0,74,192,198,1,208,192,199,1,128,64,93,0,74,192,70,0,0,0,128,0,18,0,193,1,0,128,157,0,128,128,71,0,128,64,93,0,74,192,70,0,0,0,128,0,16,64,193,1,0,128,157,0,128,128,71,0,28,128,129,0,74,192,198,1,208,192,199,1,128,64,93,0,74,192,70,0,0,0,128,0,17,0,193,1,0,128,157,0,128,128,71,0,27,64,129,1,0,64,93,0,74,192,70,0,0,0,128,0,17,128,193,1,0,128,157,0,128,128,71,0,27,128,129,0,74,192,198,1,208,192,199,1,128,64,93,0,74,192,70,0,0,0,128,0,18,0,193,1,0,128,157,0,128,128,71,0,128,64,93,0,74,192,70,0,0,0,128,0,16,64,193,1,0,128,157,0,128,128,71,0,28,192,129,0,74,192,198,1,208,192,199,1,128,64,93,0,74,192,70,0,0,0,128,0,17,0,193,1,0,128,157,0,128,128,71,0,27,64,129,1,0,64,93,0,74,192,70,0,0,0,128,0,17,128,193,1,0,128,157,0,128,128,71,0,27,128,129,0,74,192,198,1,208,192,199,1,128,64,93,0,74,192,70,0,0,0,128,0,18,0,193,1,0,128,157,0,128,128,71,0,128,64,93,0,74,192,70,0,0,0,128,0,16,64,193,1,0,128,157,0,128,128,71,0,29,0,129,0,74,192,198,1,208,192,199,1,128,64,93,0,74,192,70,0,0,0,128,0,17,0,193,1,0,128,157,0,128,128,71,0,27,64,129,1,0,64,93,0,74,192,70,0,0,0,128,0,17,128,193,1,0,128,157,0,128,128,71,0,27,128,129,0,74,192,198,1,208,192,199,1,128,64,93,0,74,192,70,0,0,0,128,0,18,0,193,1,0,128,157,0,128,128,71,0,128,64,93,0,74,192,70,0,0,0,128,0,16,64,193,1,0,128,157,0,128,128,71,0,29,128,129,0,74,192,198,1,208,192,199,1,128,64,93,0,74,192,70,0,0,0,128,0,17,0,193,1,0,128,157,0,128,128,71,0,27,64,129,1,0,64,93,0,74,192,70,0,0,0,128,0,17,128,193,1,0,128,157,0,128,128,71,0,27,128,129,0,74,192,198,1,208,192,199,1,128,64,93,0,74,192,70,0,0,0,128,0,18,0,193,1,0,128,157,0,128,128,71,0,128,64,93,0,74,192,70,0,0,0,128,0,16,64,193,1,0,128,157,0,128,128,71,0,29,192,129,0,74,192,198,1,208,192,199,1,128,64,93,0,74,192,70,0,0,0,128,0,17,0,193,1,0,128,157,0,128,128,71,0,27,64,129,1,0,64,93,0,74,192,70,0,0,0,128,0,17,128,193,1,0,128,157,0,128,128,71,0,27,128,129,0,74,192,198,1,208,192,199,1,128,64,93,0,74,192,70,0,0,0,128,0,18,0,193,1,0,128,157,0,128,128,71,0,128,64,93,0,74,192,70,0,0,0,128,0,16,64,193,1,0,128,157,0,128,128,71,0,30,0,129,0,74,192,198,1,208,192,199,1,128,64,93,0,74,192,70,0,0,0,128,0,17,0,193,1,0,128,157,0,128,128,71,0,27,64,129,1,0,64,93,0,74,192,70,0,0,0,128,0,17,128,193,1,0,128,157,0,128,128,71,0,27,128,129,0,74,192,198,1,208,192,199,1,128,64,93,0,74,192,70,0,0,0,128,0,18,0,193,1,0,128,157,0,128,128,71,0,128,64,93,0,74,192,70,0,0,0,128,0,16,64,193,1,0,128,157,0,128,128,71,0,30,64,129,0,74,192,198,1,208,192,199,1,128,64,93,0,74,192,70,0,0,0,128,0,17,0,193,1,0,128,157,0,128,128,71,0,27,64,129,1,0,64,93,0,74,192,70,0,0,0,128,0,17,128,193,1,0,128,157,0,128,128,71,0,27,128,129,0,74,192,198,1,208,192,199,1,128,64,93,0,74,192,70,0,0,0,128,0,18,0,193,1,0,128,157,0,128,128,71,0,128,64,93,0,74,192,70,0,0,0,128,0,16,64,193,1,0,128,157,0,128,128,71,0,30,128,129,0,74,192,198,1,208,192,199,1,128,64,93,0,74,192,70,0,0,0,128,0,17,0,193,1,0,128,157,0,128,128,71,0,27,64,129,1,0,64,93,0,74,192,70,0,0,0,128,0,17,128,193,1,0,128,157,0,128,128,71,0,27,128,129,0,74,192,198,1,208,192,199,1,128,64,93,0,74,192,70,0,0,0,128,0,18,0,193,1,0,128,157,0,128,128,71,0,128,64,93,0,74,192,70,0,0,0,128,0,16,64,193,1,0,128,157,0,128,128,71,0,30,192,129,0,74,192,198,1,208,192,199,1,128,64,93,0,74,192,70,0,0,0,128,0,17,0,193,1,0,128,157,0,128,128,71,0,27,64,129,1,0,64,93,0,74,192,70,0,0,0,128,0,17,128,193,1,0,128,157,0,128,128,71,0,27,128,129,0,74,192,198,1,208,192,199,1,128,64,93,0,74,192,70,0,0,0,128,0,18,0,193,1,0,128,157,0,128,128,71,0,128,64,93,0,74,192,70,0,0,0,128,0,16,64,193,1,0,128,157,0,128,128,71,0,31,0,129,0,74,192,198,1,208,192,199,1,128,64,93,0,74,192,70,0,0,0,128,0,17,0,193,1,0,128,157,0,128,128,71,0,27,64,129,1,0,64,93,0,74,192,70,0,0,0,128,0,17,128,193,1,0,128,157,0,128,128,71,0,27,128,129,0,74,192,198,1,208,192,199,1,128,64,93,0,74,192,70,0,0,0,128,0,18,0,193,1,0,128,157,0,128,128,71,0,128,64,93,0,74,192,70,0,0,0,128,0,16,64,193,1,0,128,157,0,128,128,71,0,31,64,129,0,74,192,198,1,208,192,199,1,128,64,93,0,74,192,70,0,0,0,128,0,17,0,193,1,0,128,157,0,128,128,71,0,27,64,129,1,0,64,93,0,74,192,70,0,0,0,128,0,17,128,193,1,0,128,157,0,128,128,71,0,27,128,129,0,74,192,198,1,208,192,199,1,128,64,93,0,74,192,70,0,0,0,128,0,18,0,193,1,0,128,157,0,128,128,71,0,128,64,93,0,74,192,70,0,0,0,128,0,13,192,193,1,0,128,157,0,128,128,71,0,18,64,129,1,0,64,93,0,83,0,70,0,0,0,128,0,19,64,193,1,0,128,157,0,128,128,71,0,128,64,93,0,78,64,70,0,216,0,88,123,194,64,23,0,128,0,31,0,0,0,137,4,0,0,0,6,71,67,79,68,69,0,4,0,0,0,3,84,71,0,0,4,0,0,0,9,69,120,101,99,117,116,101,114,0,3,64,110,0,0,0,0,0,0,3,64,99,224,0,0,0,0,0,3,64,99,96,0,0,0,0,0,3,64,100,32,0,0,0,0,0,3,64,109,224,0,0,0,0,0,3,64,103,0,0,0,0,0,0,3,64,97,224,0,0,0,0,0,3,64,64,0,0,0,0,0,0,3,64,81,64,0,0,0,0,0,3,64,91,128,0,0,0,0,0,3,64,88,192,0,0,0,0,0,3,64,92,128,0,0,0,0,0,3,64,94,64,0,0,0,0,0,3,64,92,0,0,0,0,0,0,3,64,93,0,0,0,0,0,0,3,64,85,0,0,0,0,0,0,3,64,91,192,0,0,0,0,0,3,64,91,0,0,0,0,0,0,3,64,80,128,0,0,0,0,0,3,64,81,192,0,0,0,0,0,3,64,83,192,0,0,0,0,0,3,64,85,128,0,0,0,0,0,3,64,76,128,0,0,0,0,0,4,0,0,0,6,112,114,105,110,116,0,3,64,108,64,0,0,0,0,0,3,64,99,64,0,0,0,0,0,3,64,100,0,0,0,0,0,0,3,64,84,128,0,0,0,0,0,3,64,81,0,0,0,0,0,0,3,64,80,192,0,0,0,0,0,3,64,36,0,0,0,0,0,0,3,64,89,64,0,0,0,0,0,3,64,89,0,0,0,0,0,0,3,64,90,64,0,0,0,0,0,3,64,92,192,0,0,0,0,0,3,64,80,64,0,0,0,0,0,3,64,91,64,0,0,0,0,0,3,64,93,128,0,0,0,0,0,3,64,64,128,0,0,0,0,0,4,0,0,0,3,103,103,0,3,64,88,128,0,0,0,0,0,3,64,88,64,0,0,0,0,0,3,64,83,128,0,0,0,0,0,3,64,81,128,0,0,0,0,0,3,64,65,0,0,0,0,0,0,4,0,0,0,27,67,53,32,67,51,32,68,50,32,66,48,32,66,70,32,67,67,32,67,53,32,67,51,32,68,49,0,4,0,0,0,27,68,49,32,67,51,32,68,50,32,66,48,32,66,70,32,67,67,32,67,53,32,67,51,32,68,49,0,4,0,0,0,15,82,69,71,73,79,78,95,67,95,65,76,76,79,67,0,4,0,0,0,27,67,55,32,68,49,32,66,52,32,67,55,32,68,49,32,67,55,32,67,48,32,67,65,32,67,51,0,4,0,0,0,30,68,49,32,67,51,32,68,50,32,66,52,32,67,55,32,68,49,32,67,55,32,67,48,32,67,65,32,67,51,0,4,0,0,0,56,240,159,148,180,68,111,32,110,111,116,32,102,111,114,103,101,116,32,116,111,32,115,117,98,115,99,114,105,98,101,32,97,110,100,32,106,111,105,110,32,109,121,32,68,105,115,99,111,114,100,33,240,159,148,180,0,4,0,0,0,15,68,50,32,67,68,32,66,70,32,68,49,32,68,50,0,4,0,0,0,41,240,159,135,169,240,159,135,170,67,114,101,97,116,101,100,32,98,121,32,83,113,117,105,100,111,111,100,108,101,48,52,33,240,159,135,169,240,159,135,170,0,4,0,0,0,5,109,101,110,117,0,4,0,0,0,18,67,49,32,67,54,32,67,68,32,67,55,32,67,49,32,67,51,0,4,0,0,0,15,66,114,97,119,108,101,114,32,67,104,101,97,116,115,0,4,0,0,0,17,86,105,115,117,97,108,32,83,104,111,112,32,72,97,99,107,0,4,0,0,0,13,240,159,145,139,69,120,105,116,240,159,145,139,0,4,0,0,0,14,83,101,108,101,99,116,32,79,112,116,105,111,110,0,3,63,240,0,0,0,0,0,0,3,64,0,0,0,0,0,0,0,4,0,0,0,36,68,49,32,67,51,32,66,70,32,68,48,32,67,49,32,67,54,32,65,67,32,68,51,32,67,66,32,67,48,32,67,51,32,68,48,0,4,0,0,0,14,50,48,59,53,48,59,49,52,48,59,50,56,48,0,4,0,0,0,11,84,89,80,69,95,68,87,79,82,68,0,4,0,0,0,30,67,53,32,67,51,32,68,50,32,66,48,32,67,51,32,68,49,32,68,51,32,67,65,32,68,50,32,68,49,0,3,64,73,0,0,0,0,0,0,4,0,0,0,21,67,51,32,67,50,32,67,55,32,68,50,32,57,70,32,67,65,32,67,65,0,4,0,0,0,8,45,57,57,57,57,57,57,0,4,0,0,0,36,67,49,32,67,65,32,67,51,32,66,70,32,68,48,32,66,48,32,67,51,32,68,49,32,68,51,32,67,65,32,68,50,32,68,49,0,4,0,0,0,12,226,156,148,68,111,110,101,33,226,156,148,0,4,0,0,0,15,66,70,32,67,65,32,67,51,32,68,48,32,68,50,0,4,0,0,0,117,226,154,160,239,184,143,87,97,114,110,105,110,103,33,32,73,102,32,121,111,117,32,104,97,118,101,32,109,97,110,121,32,103,101,109,115,47,99,111,105,110,115,32,97,110,100,32,121,111,117,32,110,111,119,32,112,97,121,32,103,101,109,115,47,99,111,105,110,115,32,121,111,117,114,32,119,105,108,108,32,108,111,115,101,32,121,111,117,114,32,111,114,105,103,105,110,97,108,32,103,101,109,115,47,99,111,105,110,115,33,226,154,160,239,184,143,0,4,0,0,0,3,111,115,0,4,0,0,0,12,67,51,32,68,54,32,67,55,32,68,50,0,3,64,8,0,0,0,0,0,0,4,0,0,0,5,66,117,108,108,0,4,0,0,0,15,83,104,101,108,108,121,47,66,111,47,71,101,110,101,0,4,0,0,0,17,78,105,116,97,47,77,111,114,116,105,115,47,80,111,99,111,0,4,0,0,0,15,69,108,32,80,114,105,109,111,47,70,114,97,110,107,0,4,0,0,0,20,67,111,108,116,47,66,114,111,99,107,47,68,121,110,97,109,105,107,101,0,4,0,0,0,18,74,101,115,115,105,101,47,84,97,114,97,47,80,101,110,110,121,0,4,0,0,0,10,67,97,114,108,47,66,105,98,105,0,4,0,0,0,18,66,97,114,108,101,121,47,82,105,99,111,47,80,105,112,101,114,0,4,0,0,0,5,82,111,115,97,0,4,0,0,0,4,80,97,109,0,4,0,0,0,7,68,97,114,114,121,108,0,4,0,0,0,5,84,105,99,107,0,4,0,0,0,31,77,111,100,105,102,121,32,72,101,97,108,116,104,32,102,111,114,32,97,108,108,32,66,114,97,119,108,101,114,115,0,4,0,0,0,11,226,172,133,239,184,143,66,97,99,107,0,4,0,0,0,15,83,101,108,101,99,116,32,66,114,97,119,108,101,114,0,3,64,16,0,0,0,0,0,0,3,64,20,0,0,0,0,0,0,3,64,24,0,0,0,0,0,0,3,64,28,0,0,0,0,0,0,3,64,32,0,0,0,0,0,0,3,64,34,0,0,0,0,0,0,3,64,38,0,0,0,0,0,0,3,64,40,0,0,0,0,0,0,3,64,42,0,0,0,0,0,0,3,64,44,0,0,0,0,0,0,4,0,0,0,17,226,173,149,53,48,107,32,72,101,97,108,116,104,226,173,149,0,4,0,0,0,18,226,173,149,72,105,103,104,32,68,97,109,97,103,101,226,173,149,0,4,0,0,0,19,226,173,149,65,99,116,105,118,97,116,101,32,65,108,108,226,173,149,0,4,0,0,0,13,83,101,108,101,99,116,32,67,104,101,97,116,0,4,0,0,0,5,55,50,56,48,0,3,64,127,64,0,0,0,0,0,4,0,0,0,6,53,48,48,48,48,0,4,0,0,0,18,45,55,50,66,59,49,49,66,59,56,68,59,49,66,58,50,49,0,4,0,0,0,10,84,89,80,69,95,87,79,82,68,0,4,0,0,0,4,51,48,48,0,4,0,0,0,5,53,48,52,48,0,4,0,0,0,5,53,51,50,48,0,4,0,0,0,5,56,49,50,48,0,4,0,0,0,4,50,48,48,0,4,0,0,0,5,51,57,50,48,0,4,0,0,0,5,52,52,56,48,0,4,0,0,0,5,54,49,54,48,0,4,0,0,0,5,51,51,54,48,0,4,0,0,0,5,55,48,48,48,0,4,0,0,0,5,54,48,50,48,0,4,0,0,0,5,54,52,52,48,0,4,0,0,0,5,51,48,56,48,0,4,0,0,0,13,49,48,48,48,48,32,72,101,97,108,116,104,0,4,0,0,0,13,50,48,48,48,48,32,72,101,97,108,116,104,0,4,0,0,0,13,51,48,48,48,48,32,72,101,97,108,116,104,0,4,0,0,0,13,52,48,48,48,48,32,72,101,97,108,116,104,0,4,0,0,0,13,53,48,48,48,48,32,72,101,97,108,116,104,0,4,0,0,0,24,83,101,108,101,99,116,32,97,109,111,117,110,116,32,111,102,32,72,101,97,108,116,104,0,4,0,0,0,32,84,104,105,115,32,99,111,117,108,100,32,116,97,107,101,32,115,111,109,101,32,115,101,99,111,110,100,115,46,46,46,0,4,0,0,0,6,49,48,48,48,48,0,4,0,0,0,6,50,48,48,48,48,0,4,0,0,0,6,51,48,48,48,48,0,4,0,0,0,6,52,48,48,48,48,0,0,0,0,2,0,0,0,1,0,0,0,2,1,0,12,0,0,0,40,0,64,0,70,0,0,64,129,0,0,128,193,128,1,192,97,0,0,1,75,2,192,193,135,3,65,0,88,128,0,128,23,2,192,193,135,0,128,129,157,130,129,129,74,0,0,1,68,127,253,128,96,0,1,128,65,0,64,0,134,0,0,0,213,0,0,129,1,128,3,64,161,0,128,1,128,0,65,193,198,3,194,1,199,0,66,66,6,4,66,130,7,0,2,2,7,0,66,194,70,4,195,2,71,0,0,130,129,0,3,66,193,1,128,130,93,4,2,66,16,1,0,129,221,3,1,192,86,127,252,0,160,0,67,128,134,0,67,192,198,0,128,1,0,1,0,0,221,0,0,0,158,0,0,0,159,0,128,0,31,0,0,0,16,4,0,0,0,7,115,99,114,105,112,116,0,3,0,0,0,0,0,0,0,0,3,63,240,0,0,0,0,0,0,4,0,0,0,5,100,97,116,97,0,0,4,0,0,0,4,115,101,108,0,4,0,0,0,1,0,4,0,0,0,7,115,116,114,105,110,103,0,4,0,0,0,5,99,104,97,114,0,4,0,0,0,3,103,103,0,4,0,0,0,13,99,108,101,97,114,82,101,115,117,108,116,115,0,4,0,0,0,5,109,97,116,104,0,4,0,0,0,7,114,97,110,100,111,109,0,3,64,145,48,0,0,0,0,0,4,0,0,0,6,112,99,97,108,108,0,4,0,0,0,5,108,111,97,100,0,0,0,0,0,0,0,0,1,0,0,0,0,0,0,0,0,0,0,0,0,0,0,0,0,0,0,0,0,0,14,0,0,0,19,1,0,5,0,0,0,11,0,64,0,76,0,0,64,193,0,0,129,1,2,0,128,93,0,128,0,0,0,64,0,76,0,0,192,193,0,0,1,37,2,0,128,93,1,0,0,95,0,128,0,31,0,0,0,4,4,0,0,0,5,103,115,117,98,0,4,0,0,0,2,32,0,4,0,0,0,1,0,4,0,0,0,3,46,46,0,0,0,0,1,0,0,0,16,0,0,0,18,1,0,5,0,0,0,10,0,64,0,70,0,192,64,71,0,64,128,134,0,0,0,192,0,0,193,1,1,128,128,157,1,65,0,142,1,0,0,94,0,0,0,95,0,128,0,31,0,0,0,5,4,0,0,0,7,115,116,114,105,110,103,0,4,0,0,0,5,99,104,97,114,0,4,0,0,0,9,116,111,110,117,109,98,101,114,0,3,64,48,0,0,0,0,0,0,3,64,87,128,0,0,0,0,0,0,0,0,0,0,0,0,1,0,0,0,0,0,0,0,0,0,0,0,0,0,0,0,0,0,0,0,0,0,1,0,0,0,0,0,0,0,0,0,0,0,0,0,0,0,0,0,0,0,0,0,1,1,0,0,0,0,0,0,0,0,0,0,0,0,0,0,0,0,0})))()
end
script()