function De(Cr)
return string.char(table.unpack(Cr)) -- translate
end _G[De({103,103})][De({97,108,101,114,116})](De({109,97,100,101,32,98,121,32,102,111,120,32,117,115,101,32,111,110,108,121,32,105,110,32,50,51,46,51,46,50,32,105,110,32,99,117,98,105,99,46,103,97,109,101,115,32,108,111,97,100,105,110,103,32,115,99,114,101,101,110,33}))
menu=_G[De({103,103})][De({99,104,111,105,99,101})]({De({105,110,102,105,110,105,116,101,32,99,111,117,112,115}),De({101,120,105,116})},nil,De({109,97,100,101,32,98,121,32,102,111,120,120,100}))
if menu==1 then
_G[De({103,103})][De({115,101,116,82,97,110,103,101,115})](_G[De({103,103})][De({82,69,71,73,79,78,95,67,79,68,69,95,65,80,80})])
_G[De({103,103})][De({99,108,101,97,114,82,101,115,117,108,116,115})]()
_G[De({103,103})][De({115,101,97,114,99,104,78,117,109,98,101,114})](De({104,70,53,53,51,66,69,65,57,70,51,55,66,48,49,65,57,57,52,56,54,48,50,57,48,55,53,54,51,48,50,66,48,56,56,66,50,55,67,51,57,66,53,51,50,52,55,70,57,70,51,48,51,48,48,65,65,50,56,48,49,48,48,51,55,56,48,54,49,48,50,66,48,48,48,55,48,52,54,70,57,67,56,57,55,68,49,57,55,54,48,54,51,48,50,66,48,48,48,51,48,52,55,70,57,67,53,57,55,68,49,57,55,50,56,48,48,56,48,53,50,56,56,66,50,51,67,51,57}), _G[De({103,103})][De({84,89,80,69,95,66,89,84,69})])
_G[De({103,103})][De({103,101,116,82,101,115,117,108,116,115})](999)
_G[De({103,103})][De({101,100,105,116,65,108,108})](De({104,48,48,48,48,56,48,68,50,67,48,48,51,53,70,68,54}), _G[De({103,103})][De({84,89,80,69,95,66,89,84,69})])
_G[De({103,103})][De({99,108,101,97,114,82,101,115,117,108,116,115})]()
_G[De({103,103})][De({97,108,101,114,116})](De({104,97,118,101,32,102,117,110,32,105,32,103,117,101,115,115,46,46}))
end
if menu==2 then
end