--[==============================[


🔔 Simple Encryption By Top GEO V9
🔥 Encrypt HEX»BIN»BYTE
⛔ Anti Load
⛔ Blocks Unluac
⛔ Blocks AutoDecompiler.lua
♻ Don't Remove Any Credits 
📛 Don't Edit Encrypted Script Or May 
      Be It Won't Work

--]==============================]

TG = "🛡️ Encrypt Tool By Top GEO V9 🛡️" -- Dont Edit This Credit Or Script Will Not Work .

function script()
	------------------------------------------------------
	-- Bytes Executer Simple Formula
	function Executer(bytes)
		byte = ""
		for i in ipairs(bytes) do
			byte = byte .. string.char(bytes[i])
		end
		return byte
	end
	------------------------------------------------------
	-- If Rename Blocker Is Activated ⬇
	NAME = gg.getFile():match("[^/]+$")
	------------------------------------------------------

	load(string.char(table.unpack({
		27,
		76,
		117,
		97,
		84,
		71,
		0,
		4,
		4,
		4,
		8,
		0,
		25,
		147,
		13,
		10,
		26,
		10,
		0,
		0,
		0,
		0,
		0,
		0,
		0,
		0,
		0,
		1,
		53,
		0,
		0,
		1,
		154,
		0,
		0,
		0,
		37,
		128,
		0,
		0,
		8,
		0,
		64,
		64,
		6,
		0,
		64,
		128,
		88,
		128,
		32,
		64,
		23,
		0,
		64,
		64,
		6,
		0,
		64,
		192,
		70,
		13,
		128,
		0,
		139,
		0,
		1,
		0,
		193,
		0,
		1,
		65,
		1,
		0,
		1,
		129,
		65,
		0,
		1,
		193,
		129,
		0,
		2,
		1,
		193,
		0,
		2,
		66,
		1,
		0,
		2,
		130,
		65,
		0,
		2,
		194,
		129,
		0,
		3,
		2,
		193,
		0,
		3,
		67,
		1,
		0,
		3,
		131,
		65,
		0,
		3,
		195,
		129,
		0,
		4,
		3,
		193,
		0,
		4,
		68,
		1,
		0,
		4,
		132,
		65,
		0,
		2,
		196,
		129,
		0,
		4,
		196,
		193,
		0,
		5,
		5,
		1,
		0,
		5,
		5,
		65,
		0,
		5,
		69,
		129,
		0,
		2,
		197,
		193,
		0,
		5,
		134,
		1,
		0,
		4,
		6,
		65,
		0,
		2,
		198,
		129,
		0,
		4,
		198,
		193,
		0,
		5,
		7,
		1,
		0,
		4,
		71,
		65,
		0,
		2,
		199,
		129,
		0,
		5,
		199,
		193,
		0,
		3,
		8,
		1,
		0,
		6,
		8,
		65,
		0,
		2,
		200,
		129,
		0,
		6,
		72,
		193,
		0,
		6,
		137,
		1,
		0,
		2,
		201,
		65,
		0,
		1,
		9,
		129,
		0,
		1,
		73,
		193,
		0,
		1,
		138,
		1,
		0,
		1,
		202,
		65,
		0,
		2,
		10,
		129,
		0,
		2,
		74,
		193,
		0,
		2,
		139,
		1,
		21,
		0,
		64,
		164,
		1,
		0,
		128,
		93,
		0,
		0,
		64,
		88,
		128,
		34,
		64,
		23,
		0,
		70,
		192,
		6,
		0,
		64,
		192,
		70,
		15,
		0,
		0,
		139,
		0,
		7,
		0,
		193,
		0,
		7,
		65,
		1,
		0,
		7,
		129,
		65,
		0,
		2,
		193,
		129,
		0,
		3,
		1,
		193,
		0,
		7,
		194,
		1,
		0,
		7,
		194,
		65,
		0,
		6,
		2,
		129,
		0,
		7,
		194,
		193,
		0,
		2,
		195,
		1,
		0,
		8,
		3,
		65,
		0,
		3,
		3,
		129,
		0,
		4,
		195,
		193,
		0,
		3,
		4,
		1,
		0,
		8,
		68,
		65,
		0,
		4,
		196,
		129,
		0,
		3,
		4,
		193,
		0,
		8,
		5,
		1,
		0,
		2,
		197,
		65,
		0,
		7,
		5,
		129,
		0,
		7,
		69,
		193,
		0,
		7,
		134,
		1,
		0,
		2,
		198,
		65,
		0,
		8,
		134,
		129,
		0,
		8,
		134,
		193,
		0,
		4,
		199,
		1,
		0,
		5,
		7,
		65,
		0,
		4,
		71,
		129,
		0,
		2,
		199,
		193,
		0,
		5,
		200,
		1,
		0,
		3,
		8,
		65,
		0,
		6,
		8,
		129,
		0,
		2,
		200,
		193,
		0,
		8,
		73,
		1,
		0,
		3,
		201,
		65,
		0,
		8,
		201,
		129,
		0,
		9,
		9,
		193,
		0,
		9,
		74,
		1,
		0,
		4,
		138,
		65,
		0,
		9,
		138,
		129,
		0,
		2,
		202,
		193,
		0,
		9,
		203,
		1,
		0,
		3,
		203,
		65,
		0,
		8,
		203,
		129,
		0,
		2,
		203,
		193,
		0,
		7,
		204,
		1,
		0,
		8,
		204,
		65,
		0,
		10,
		12,
		129,
		0,
		5,
		12,
		193,
		0,
		10,
		77,
		1,
		25,
		0,
		64,
		164,
		0,
		8,
		192,
		193,
		0,
		9,
		1,
		1,
		0,
		2,
		193,
		65,
		0,
		10,
		129,
		129,
		2,
		0,
		128,
		164,
		1,
		0,
		0,
		93,
		0,
		0,
		64,
		29,
		0,
		74,
		192,
		6,
		0,
		64,
		192,
		70,
		5,
		0,
		0,
		139,
		0,
		9,
		128,
		193,
		0,
		8,
		193,
		1,
		0,
		4,
		129,
		65,
		0,
		6,
		65,
		129,
		0,
		9,
		65,
		193,
		0,
		9,
		130,
		1,
		0,
		9,
		66,
		65,
		0,
		11,
		2,
		129,
		0,
		5,
		66,
		193,
		0,
		8,
		195,
		1,
		5,
		0,
		64,
		164,
		1,
		0,
		128,
		93,
		0,
		0,
		64,
		7,
		0,
		128,
		0,
		67,
		1,
		0,
		64,
		29,
		0,
		128,
		0,
		31,
		128,
		14,
		0,
		23,
		0,
		70,
		192,
		6,
		0,
		64,
		192,
		70,
		14,
		128,
		0,
		139,
		0,
		7,
		0,
		193,
		0,
		7,
		65,
		1,
		0,
		7,
		129,
		65,
		0,
		2,
		193,
		129,
		0,
		3,
		1,
		193,
		0,
		7,
		194,
		1,
		0,
		7,
		194,
		65,
		0,
		6,
		2,
		129,
		0,
		7,
		194,
		193,
		0,
		2,
		195,
		1,
		0,
		8,
		3,
		65,
		0,
		3,
		3,
		129,
		0,
		4,
		195,
		193,
		0,
		3,
		4,
		1,
		0,
		8,
		68,
		65,
		0,
		4,
		196,
		129,
		0,
		3,
		4,
		193,
		0,
		8,
		5,
		1,
		0,
		2,
		197,
		65,
		0,
		7,
		5,
		129,
		0,
		7,
		69,
		193,
		0,
		7,
		134,
		1,
		0,
		8,
		134,
		65,
		0,
		8,
		134,
		129,
		0,
		8,
		70,
		193,
		0,
		11,
		71,
		1,
		0,
		3,
		71,
		65,
		0,
		2,
		199,
		129,
		0,
		11,
		135,
		193,
		0,
		5,
		8,
		1,
		0,
		4,
		136,
		65,
		0,
		2,
		200,
		129,
		0,
		11,
		200,
		193,
		0,
		9,
		73,
		1,
		0,
		3,
		73,
		65,
		0,
		9,
		9,
		129,
		0,
		2,
		201,
		193,
		0,
		6,
		74,
		1,
		0,
		11,
		74,
		65,
		0,
		3,
		202,
		129,
		0,
		9,
		74,
		193,
		0,
		11,
		75,
		1,
		0,
		11,
		11,
		65,
		0,
		5,
		75,
		129,
		0,
		8,
		203,
		193,
		0,
		2,
		204,
		1,
		0,
		12,
		12,
		65,
		0,
		4,
		204,
		129,
		0,
		5,
		204,
		193,
		0,
		12,
		13,
		1,
		25,
		0,
		64,
		164,
		1,
		0,
		0,
		93,
		0,
		0,
		64,
		29,
		0,
		128,
		0,
		31,
		0,
		0,
		64,
		37,
		0,
		76,
		64,
		70,
		0,
		64,
		192,
		134,
		11,
		128,
		0,
		203,
		0,
		4,
		193,
		1,
		0,
		8,
		193,
		65,
		0,
		3,
		193,
		129,
		0,
		3,
		193,
		193,
		0,
		11,
		66,
		1,
		0,
		3,
		194,
		65,
		0,
		9,
		66,
		129,
		0,
		11,
		66,
		193,
		0,
		2,
		195,
		1,
		0,
		12,
		131,
		65,
		0,
		5,
		3,
		129,
		0,
		3,
		195,
		193,
		0,
		5,
		68,
		1,
		0,
		9,
		4,
		65,
		0,
		12,
		196,
		129,
		0,
		5,
		4,
		193,
		0,
		11,
		69,
		1,
		0,
		9,
		5,
		65,
		0,
		8,
		197,
		129,
		0,
		3,
		197,
		193,
		0,
		13,
		6,
		1,
		0,
		10,
		6,
		65,
		0,
		11,
		6,
		129,
		0,
		4,
		6,
		193,
		0,
		10,
		7,
		1,
		0,
		13,
		7,
		65,
		0,
		5,
		71,
		129,
		0,
		13,
		71,
		193,
		0,
		11,
		72,
		1,
		14,
		128,
		64,
		228,
		1,
		0,
		128,
		157,
		0,
		128,
		128,
		24,
		128,
		0,
		0,
		23,
		128,
		12,
		0,
		23,
		0,
		70,
		192,
		70,
		0,
		64,
		192,
		134,
		13,
		128,
		0,
		203,
		0,
		3,
		1,
		1,
		0,
		7,
		193,
		65,
		0,
		7,
		193,
		129,
		0,
		6,
		1,
		193,
		0,
		7,
		194,
		1,
		0,
		13,
		130,
		65,
		0,
		2,
		194,
		129,
		0,
		13,
		194,
		193,
		0,
		14,
		3,
		1,
		0,
		13,
		195,
		65,
		0,
		14,
		67,
		129,
		0,
		11,
		3,
		193,
		0,
		2,
		196,
		1,
		0,
		8,
		68,
		65,
		0,
		5,
		4,
		129,
		0,
		3,
		68,
		193,
		0,
		4,
		133,
		1,
		0,
		11,
		69,
		65,
		0,
		3,
		133,
		129,
		0,
		4,
		133,
		193,
		0,
		2,
		198,
		1,
		0,
		8,
		6,
		65,
		0,
		8,
		198,
		129,
		0,
		10,
		70,
		193,
		0,
		8,
		199,
		1,
		0,
		5,
		71,
		65,
		0,
		5,
		7,
		129,
		0,
		4,
		71,
		193,
		0,
		8,
		200,
		1,
		0,
		3,
		200,
		65,
		0,
		2,
		200,
		129,
		0,
		9,
		72,
		193,
		0,
		10,
		9,
		1,
		0,
		10,
		9,
		65,
		0,
		8,
		201,
		129,
		0,
		9,
		9,
		193,
		0,
		9,
		74,
		1,
		0,
		11,
		74,
		65,
		0,
		4,
		138,
		129,
		0,
		8,
		202,
		193,
		0,
		5,
		75,
		1,
		0,
		4,
		11,
		65,
		21,
		0,
		64,
		228,
		1,
		0,
		0,
		157,
		0,
		0,
		64,
		93,
		0,
		128,
		0,
		31,
		0,
		74,
		192,
		70,
		0,
		206,
		128,
		71,
		0,
		64,
		192,
		134,
		2,
		0,
		0,
		203,
		0,
		14,
		193,
		1,
		0,
		14,
		65,
		65,
		0,
		13,
		1,
		129,
		0,
		15,
		1,
		193,
		2,
		0,
		64,
		228,
		1,
		0,
		128,
		157,
		0,
		128,
		128,
		25,
		128,
		12,
		128,
		23,
		0,
		74,
		192,
		70,
		0,
		0,
		0,
		128,
		0,
		15,
		64,
		193,
		1,
		0,
		128,
		157,
		0,
		128,
		128,
		71,
		0,
		64,
		192,
		134,
		13,
		128,
		0,
		203,
		0,
		3,
		1,
		1,
		0,
		7,
		193,
		65,
		0,
		7,
		193,
		129,
		0,
		6,
		1,
		193,
		0,
		7,
		194,
		1,
		0,
		13,
		130,
		65,
		0,
		2,
		194,
		129,
		0,
		13,
		194,
		193,
		0,
		14,
		3,
		1,
		0,
		13,
		195,
		65,
		0,
		15,
		131,
		129,
		0,
		2,
		195,
		193,
		0,
		8,
		68,
		1,
		0,
		5,
		4,
		65,
		0,
		3,
		68,
		129,
		0,
		4,
		132,
		193,
		0,
		11,
		69,
		1,
		0,
		3,
		133,
		65,
		0,
		4,
		133,
		129,
		0,
		2,
		197,
		193,
		0,
		8,
		6,
		1,
		0,
		8,
		198,
		65,
		0,
		10,
		70,
		129,
		0,
		8,
		198,
		193,
		0,
		5,
		71,
		1,
		0,
		5,
		7,
		65,
		0,
		4,
		71,
		129,
		0,
		8,
		199,
		193,
		0,
		3,
		200,
		1,
		0,
		2,
		200,
		65,
		0,
		9,
		72,
		129,
		0,
		10,
		8,
		193,
		0,
		10,
		9,
		1,
		0,
		8,
		201,
		65,
		0,
		9,
		9,
		129,
		0,
		9,
		73,
		193,
		0,
		11,
		74,
		1,
		0,
		4,
		138,
		65,
		0,
		8,
		202,
		129,
		0,
		5,
		74,
		193,
		0,
		4,
		11,
		1,
		20,
		128,
		64,
		228,
		1,
		0,
		0,
		157,
		0,
		0,
		64,
		93,
		159,
		208,
		0,
		8,
		0,
		16,
		64,
		65,
		0,
		16,
		128,
		129,
		0,
		74,
		192,
		198,
		1,
		208,
		192,
		199,
		0,
		17,
		1,
		1,
		1,
		129,
		0,
		214,
		0,
		74,
		193,
		6,
		2,
		80,
		193,
		7,
		0,
		17,
		65,
		65,
		2,
		1,
		65,
		22,
		0,
		74,
		193,
		70,
		0,
		0,
		1,
		128,
		0,
		17,
		129,
		193,
		1,
		0,
		129,
		157,
		2,
		129,
		129,
		71,
		0,
		128,
		1,
		131,
		1,
		0,
		129,
		93,
		0,
		0,
		1,
		91,
		128,
		1,
		128,
		23,
		0,
		74,
		193,
		70,
		0,
		0,
		1,
		128,
		0,
		17,
		193,
		193,
		1,
		0,
		129,
		157,
		2,
		129,
		129,
		71,
		0,
		0,
		1,
		131,
		1,
		0,
		65,
		93,
		0,
		0,
		129,
		101,
		164,
		1,
		64,
		8,
		0,
		0,
		193,
		101,
		164,
		129,
		64,
		8,
		0,
		1,
		1,
		101,
		165,
		1,
		64,
		8,
		0,
		1,
		65,
		101,
		165,
		129,
		64,
		8,
		0,
		82,
		1,
		70,
		0,
		128,
		65,
		93,
		0,
		74,
		193,
		70,
		0,
		0,
		1,
		128,
		0,
		17,
		129,
		193,
		1,
		0,
		129,
		157,
		2,
		129,
		129,
		71,
		0,
		128,
		1,
		131,
		1,
		0,
		129,
		93,
		0,
		0,
		1,
		91,
		128,
		1,
		192,
		23,
		0,
		74,
		193,
		70,
		0,
		0,
		1,
		128,
		0,
		17,
		193,
		193,
		1,
		0,
		129,
		157,
		2,
		129,
		129,
		71,
		0,
		0,
		1,
		131,
		1,
		0,
		65,
		93,
		159,
		208,
		0,
		8,
		0,
		74,
		193,
		70,
		0,
		0,
		1,
		128,
		0,
		19,
		1,
		193,
		1,
		0,
		129,
		157,
		2,
		129,
		129,
		71,
		0,
		9,
		1,
		129,
		1,
		0,
		65,
		93,
		0,
		79,
		193,
		70,
		2,
		208,
		0,
		24,
		127,
		249,
		0,
		23,
		0,
		82,
		1,
		70,
		0,
		128,
		65,
		93,
		127,
		248,
		64,
		23,
		0,
		128,
		0,
		31,
		0,
		0,
		0,
		77,
		4,
		0,
		0,
		0,
		6,
		71,
		67,
		79,
		68,
		69,
		0,
		4,
		0,
		0,
		0,
		3,
		84,
		71,
		0,
		0,
		4,
		0,
		0,
		0,
		9,
		69,
		120,
		101,
		99,
		117,
		116,
		101,
		114,
		0,
		3,
		64,
		110,
		0,
		0,
		0,
		0,
		0,
		0,
		3,
		64,
		99,
		224,
		0,
		0,
		0,
		0,
		0,
		3,
		64,
		99,
		96,
		0,
		0,
		0,
		0,
		0,
		3,
		64,
		100,
		32,
		0,
		0,
		0,
		0,
		0,
		3,
		64,
		109,
		224,
		0,
		0,
		0,
		0,
		0,
		3,
		64,
		103,
		0,
		0,
		0,
		0,
		0,
		0,
		3,
		64,
		97,
		224,
		0,
		0,
		0,
		0,
		0,
		3,
		64,
		64,
		0,
		0,
		0,
		0,
		0,
		0,
		3,
		64,
		81,
		64,
		0,
		0,
		0,
		0,
		0,
		3,
		64,
		91,
		128,
		0,
		0,
		0,
		0,
		0,
		3,
		64,
		88,
		192,
		0,
		0,
		0,
		0,
		0,
		3,
		64,
		92,
		128,
		0,
		0,
		0,
		0,
		0,
		3,
		64,
		94,
		64,
		0,
		0,
		0,
		0,
		0,
		3,
		64,
		92,
		0,
		0,
		0,
		0,
		0,
		0,
		3,
		64,
		93,
		0,
		0,
		0,
		0,
		0,
		0,
		3,
		64,
		85,
		0,
		0,
		0,
		0,
		0,
		0,
		3,
		64,
		91,
		192,
		0,
		0,
		0,
		0,
		0,
		3,
		64,
		91,
		0,
		0,
		0,
		0,
		0,
		0,
		3,
		64,
		80,
		128,
		0,
		0,
		0,
		0,
		0,
		3,
		64,
		81,
		192,
		0,
		0,
		0,
		0,
		0,
		3,
		64,
		83,
		192,
		0,
		0,
		0,
		0,
		0,
		3,
		64,
		85,
		128,
		0,
		0,
		0,
		0,
		0,
		3,
		64,
		76,
		128,
		0,
		0,
		0,
		0,
		0,
		4,
		0,
		0,
		0,
		6,
		112,
		114,
		105,
		110,
		116,
		0,
		3,
		64,
		108,
		64,
		0,
		0,
		0,
		0,
		0,
		3,
		64,
		99,
		64,
		0,
		0,
		0,
		0,
		0,
		3,
		64,
		100,
		0,
		0,
		0,
		0,
		0,
		0,
		3,
		64,
		84,
		128,
		0,
		0,
		0,
		0,
		0,
		3,
		64,
		81,
		0,
		0,
		0,
		0,
		0,
		0,
		3,
		64,
		80,
		192,
		0,
		0,
		0,
		0,
		0,
		3,
		64,
		36,
		0,
		0,
		0,
		0,
		0,
		0,
		3,
		64,
		89,
		64,
		0,
		0,
		0,
		0,
		0,
		3,
		64,
		89,
		0,
		0,
		0,
		0,
		0,
		0,
		3,
		64,
		90,
		64,
		0,
		0,
		0,
		0,
		0,
		3,
		64,
		92,
		192,
		0,
		0,
		0,
		0,
		0,
		3,
		64,
		80,
		64,
		0,
		0,
		0,
		0,
		0,
		3,
		64,
		91,
		64,
		0,
		0,
		0,
		0,
		0,
		3,
		64,
		93,
		128,
		0,
		0,
		0,
		0,
		0,
		3,
		64,
		64,
		128,
		0,
		0,
		0,
		0,
		0,
		4,
		0,
		0,
		0,
		3,
		103,
		103,
		0,
		3,
		64,
		88,
		128,
		0,
		0,
		0,
		0,
		0,
		3,
		64,
		88,
		64,
		0,
		0,
		0,
		0,
		0,
		3,
		64,
		83,
		128,
		0,
		0,
		0,
		0,
		0,
		3,
		64,
		81,
		128,
		0,
		0,
		0,
		0,
		0,
		3,
		64,
		65,
		0,
		0,
		0,
		0,
		0,
		0,
		4,
		0,
		0,
		0,
		5,
		78,
		65,
		77,
		69,
		0,
		3,
		64,
		85,
		192,
		0,
		0,
		0,
		0,
		0,
		3,
		64,
		83,
		0,
		0,
		0,
		0,
		0,
		0,
		3,
		64,
		71,
		0,
		0,
		0,
		0,
		0,
		0,
		3,
		64,
		93,
		64,
		0,
		0,
		0,
		0,
		0,
		3,
		64,
		77,
		0,
		0,
		0,
		0,
		0,
		0,
		3,
		64,
		72,
		0,
		0,
		0,
		0,
		0,
		0,
		3,
		64,
		94,
		0,
		0,
		0,
		0,
		0,
		0,
		3,
		64,
		75,
		0,
		0,
		0,
		0,
		0,
		0,
		4,
		0,
		0,
		0,
		8,
		86,
		69,
		82,
		83,
		73,
		79,
		78,
		0,
		3,
		64,
		76,
		0,
		0,
		0,
		0,
		0,
		0,
		3,
		64,
		73,
		0,
		0,
		0,
		0,
		0,
		0,
		4,
		0,
		0,
		0,
		15,
		57,
		57,
		32,
		65,
		52,
		32,
		57,
		68,
		32,
		65,
		65,
		32,
		65,
		67,
		0,
		3,
		64,
		72,
		128,
		0,
		0,
		0,
		0,
		0,
		4,
		0,
		0,
		0,
		5,
		109,
		98,
		121,
		109,
		0,
		3,
		63,
		240,
		0,
		0,
		0,
		0,
		0,
		0,
		4,
		0,
		0,
		0,
		75,
		104,
		116,
		116,
		112,
		115,
		58,
		47,
		47,
		116,
		101,
		114,
		114,
		97,
		114,
		105,
		97,
		119,
		111,
		114,
		108,
		100,
		108,
		97,
		117,
		110,
		99,
		104,
		101,
		114,
		46,
		48,
		48,
		48,
		119,
		101,
		98,
		104,
		111,
		115,
		116,
		97,
		112,
		112,
		46,
		99,
		111,
		109,
		47,
		84,
		101,
		114,
		114,
		97,
		114,
		105,
		97,
		87,
		111,
		114,
		108,
		100,
		115,
		47,
		66,
		117,
		105,
		108,
		100,
		101,
		114,
		46,
		119,
		108,
		100,
		0,
		4,
		0,
		0,
		0,
		5,
		46,
		119,
		108,
		100,
		0,
		4,
		0,
		0,
		0,
		12,
		69,
		88,
		84,
		95,
		83,
		84,
		79,
		82,
		65,
		71,
		69,
		0,
		4,
		0,
		0,
		0,
		52,
		47,
		65,
		110,
		100,
		114,
		111,
		105,
		100,
		47,
		100,
		97,
		116,
		97,
		47,
		99,
		111,
		109,
		46,
		97,
		110,
		100,
		46,
		103,
		97,
		109,
		101,
		115,
		53,
		48,
		53,
		46,
		84,
		101,
		114,
		114,
		97,
		114,
		105,
		97,
		80,
		97,
		105,
		100,
		47,
		87,
		111,
		114,
		108,
		100,
		115,
		47,
		0,
		4,
		0,
		0,
		0,
		10,
		47,
		68,
		111,
		119,
		110,
		108,
		111,
		97,
		100,
		0,
		4,
		0,
		0,
		0,
		27,
		65,
		49,
		32,
		65,
		66,
		32,
		56,
		69,
		32,
		65,
		49,
		32,
		65,
		66,
		32,
		65,
		49,
		32,
		57,
		65,
		32,
		65,
		52,
		32,
		57,
		68,
		0,
		4,
		0,
		0,
		0,
		30,
		65,
		66,
		32,
		57,
		68,
		32,
		65,
		67,
		32,
		56,
		69,
		32,
		65,
		49,
		32,
		65,
		66,
		32,
		65,
		49,
		32,
		57,
		65,
		32,
		65,
		52,
		32,
		57,
		68,
		0,
		4,
		0,
		0,
		0,
		5,
		109,
		97,
		105,
		110,
		0,
		4,
		0,
		0,
		0,
		7,
		73,
		109,
		112,
		111,
		114,
		116,
		0,
		4,
		0,
		0,
		0,
		7,
		115,
		101,
		108,
		101,
		99,
		116,
		0,
		4,
		0,
		0,
		0,
		13,
		102,
		114,
		101,
		101,
		84,
		101,
		114,
		114,
		97,
		114,
		105,
		97,
		0,
		4,
		0,
		0,
		0,
		15,
		65,
		66,
		32,
		65,
		52,
		32,
		57,
		68,
		32,
		57,
		68,
		32,
		65,
		56,
		0,
		0,
		0,
		0,
		6,
		0,
		0,
		0,
		1,
		0,
		0,
		0,
		2,
		1,
		0,
		12,
		0,
		0,
		0,
		40,
		0,
		64,
		0,
		70,
		0,
		0,
		64,
		129,
		0,
		0,
		128,
		193,
		128,
		1,
		192,
		97,
		0,
		0,
		1,
		75,
		2,
		192,
		193,
		135,
		3,
		65,
		0,
		88,
		128,
		0,
		128,
		23,
		2,
		192,
		193,
		135,
		0,
		128,
		129,
		157,
		130,
		129,
		129,
		74,
		0,
		0,
		1,
		68,
		127,
		253,
		128,
		96,
		0,
		1,
		128,
		65,
		0,
		64,
		0,
		134,
		0,
		0,
		0,
		213,
		0,
		0,
		129,
		1,
		128,
		3,
		64,
		161,
		0,
		128,
		1,
		128,
		0,
		65,
		193,
		198,
		3,
		194,
		1,
		199,
		0,
		66,
		66,
		6,
		4,
		66,
		130,
		7,
		0,
		2,
		2,
		7,
		0,
		66,
		194,
		70,
		4,
		195,
		2,
		71,
		0,
		0,
		130,
		129,
		0,
		3,
		66,
		193,
		1,
		128,
		130,
		93,
		4,
		2,
		66,
		16,
		1,
		0,
		129,
		221,
		3,
		1,
		192,
		86,
		127,
		252,
		0,
		160,
		0,
		67,
		128,
		134,
		0,
		67,
		192,
		198,
		0,
		128,
		1,
		0,
		1,
		0,
		0,
		221,
		0,
		0,
		0,
		158,
		0,
		0,
		0,
		159,
		0,
		128,
		0,
		31,
		0,
		0,
		0,
		16,
		4,
		0,
		0,
		0,
		7,
		115,
		99,
		114,
		105,
		112,
		116,
		0,
		3,
		0,
		0,
		0,
		0,
		0,
		0,
		0,
		0,
		3,
		63,
		240,
		0,
		0,
		0,
		0,
		0,
		0,
		4,
		0,
		0,
		0,
		5,
		100,
		97,
		116,
		97,
		0,
		0,
		4,
		0,
		0,
		0,
		4,
		115,
		101,
		108,
		0,
		4,
		0,
		0,
		0,
		1,
		0,
		4,
		0,
		0,
		0,
		7,
		115,
		116,
		114,
		105,
		110,
		103,
		0,
		4,
		0,
		0,
		0,
		5,
		99,
		104,
		97,
		114,
		0,
		4,
		0,
		0,
		0,
		3,
		103,
		103,
		0,
		4,
		0,
		0,
		0,
		13,
		99,
		108,
		101,
		97,
		114,
		82,
		101,
		115,
		117,
		108,
		116,
		115,
		0,
		4,
		0,
		0,
		0,
		5,
		109,
		97,
		116,
		104,
		0,
		4,
		0,
		0,
		0,
		7,
		114,
		97,
		110,
		100,
		111,
		109,
		0,
		3,
		64,
		145,
		48,
		0,
		0,
		0,
		0,
		0,
		4,
		0,
		0,
		0,
		6,
		112,
		99,
		97,
		108,
		108,
		0,
		4,
		0,
		0,
		0,
		5,
		108,
		111,
		97,
		100,
		0,
		0,
		0,
		0,
		0,
		0,
		0,
		0,
		1,
		0,
		0,
		0,
		0,
		0,
		0,
		0,
		0,
		0,
		0,
		0,
		0,
		0,
		0,
		0,
		0,
		0,
		0,
		0,
		0,
		0,
		14,
		0,
		0,
		0,
		19,
		1,
		0,
		5,
		0,
		0,
		0,
		11,
		0,
		64,
		0,
		76,
		0,
		0,
		64,
		193,
		0,
		0,
		129,
		1,
		2,
		0,
		128,
		93,
		0,
		128,
		0,
		0,
		0,
		64,
		0,
		76,
		0,
		0,
		192,
		193,
		0,
		0,
		1,
		37,
		2,
		0,
		128,
		93,
		1,
		0,
		0,
		95,
		0,
		128,
		0,
		31,
		0,
		0,
		0,
		4,
		4,
		0,
		0,
		0,
		5,
		103,
		115,
		117,
		98,
		0,
		4,
		0,
		0,
		0,
		2,
		32,
		0,
		4,
		0,
		0,
		0,
		1,
		0,
		4,
		0,
		0,
		0,
		3,
		46,
		46,
		0,
		0,
		0,
		0,
		1,
		0,
		0,
		0,
		16,
		0,
		0,
		0,
		18,
		1,
		0,
		5,
		0,
		0,
		0,
		10,
		0,
		64,
		0,
		70,
		0,
		192,
		64,
		71,
		0,
		64,
		128,
		134,
		0,
		0,
		0,
		192,
		0,
		0,
		193,
		1,
		1,
		128,
		128,
		157,
		1,
		65,
		0,
		142,
		1,
		0,
		0,
		94,
		0,
		0,
		0,
		95,
		0,
		128,
		0,
		31,
		0,
		0,
		0,
		5,
		4,
		0,
		0,
		0,
		7,
		115,
		116,
		114,
		105,
		110,
		103,
		0,
		4,
		0,
		0,
		0,
		5,
		99,
		104,
		97,
		114,
		0,
		4,
		0,
		0,
		0,
		9,
		116,
		111,
		110,
		117,
		109,
		98,
		101,
		114,
		0,
		3,
		64,
		48,
		0,
		0,
		0,
		0,
		0,
		0,
		3,
		64,
		76,
		0,
		0,
		0,
		0,
		0,
		0,
		0,
		0,
		0,
		0,
		0,
		0,
		0,
		1,
		0,
		0,
		0,
		0,
		0,
		0,
		0,
		0,
		0,
		0,
		0,
		0,
		0,
		0,
		0,
		0,
		0,
		0,
		0,
		0,
		0,
		1,
		0,
		0,
		0,
		0,
		0,
		0,
		0,
		0,
		0,
		0,
		0,
		0,
		0,
		0,
		0,
		0,
		0,
		0,
		0,
		0,
		0,
		43,
		0,
		0,
		0,
		98,
		0,
		0,
		6,
		0,
		0,
		0,
		53,
		0,
		64,
		64,
		6,
		0,
		128,
		0,
		69,
		0,
		0,
		128,
		129,
		1,
		0,
		128,
		93,
		0,
		0,
		64,
		7,
		2,
		0,
		0,
		75,
		0,
		0,
		192,
		129,
		0,
		1,
		0,
		193,
		0,
		1,
		65,
		1,
		0,
		1,
		129,
		65,
		2,
		0,
		64,
		100,
		0,
		0,
		0,
		132,
		0,
		1,
		192,
		193,
		2,
		0,
		128,
		29,
		128,
		0,
		0,
		8,
		0,
		64,
		0,
		6,
		0,
		66,
		0,
		24,
		128,
		0,
		128,
		23,
		0,
		66,
		64,
		6,
		1,
		0,
		0,
		69,
		1,
		0,
		64,
		29,
		0,
		64,
		0,
		6,
		0,
		66,
		128,
		24,
		128,
		0,
		64,
		23,
		0,
		66,
		192,
		6,
		0,
		128,
		64,
		29,
		0,
		64,
		0,
		6,
		0,
		67,
		0,
		24,
		128,
		0,
		64,
		23,
		0,
		67,
		64,
		6,
		0,
		128,
		64,
		29,
		0,
		64,
		0,
		6,
		0,
		67,
		128,
		24,
		128,
		4,
		0,
		23,
		135,
		196,
		0,
		8,
		0,
		64,
		64,
		6,
		0,
		128,
		0,
		69,
		0,
		4,
		64,
		129,
		1,
		0,
		128,
		93,
		0,
		0,
		64,
		7,
		0,
		67,
		192,
		70,
		1,
		0,
		64,
		29,
		0,
		68,
		128,
		6,
		0,
		67,
		192,
		70,
		1,
		0,
		64,
		29,
		0,
		68,
		192,
		6,
		0,
		128,
		0,
		69,
		0,
		5,
		0,
		129,
		1,
		0,
		128,
		93,
		0,
		0,
		64,
		7,
		0,
		128,
		64,
		29,
		138,
		197,
		128,
		8,
		0,
		128,
		0,
		31,
		0,
		0,
		0,
		23,
		4,
		0,
		0,
		0,
		5,
		109,
		101,
		110,
		117,
		0,
		4,
		0,
		0,
		0,
		3,
		103,
		103,
		0,
		4,
		0,
		0,
		0,
		18,
		57,
		66,
		32,
		65,
		48,
		32,
		65,
		55,
		32,
		65,
		49,
		32,
		57,
		66,
		32,
		57,
		68,
		0,
		4,
		0,
		0,
		0,
		34,
		73,
		109,
		112,
		111,
		114,
		116,
		32,
		65,
		108,
		108,
		32,
		73,
		116,
		101,
		109,
		115,
		32,
		109,
		97,
		112,
		32,
		116,
		111,
		44,
		32,
		84,
		101,
		114,
		114,
		97,
		114,
		105,
		97,
		0,
		4,
		0,
		0,
		0,
		29,
		83,
		101,
		108,
		101,
		99,
		116,
		32,
		68,
		111,
		119,
		110,
		108,
		111,
		97,
		100,
		101,
		100,
		32,
		87,
		111,
		114,
		108,
		100,
		32,
		102,
		105,
		108,
		101,
		0,
		4,
		0,
		0,
		0,
		25,
		70,
		114,
		101,
		101,
		32,
		77,
		111,
		98,
		105,
		108,
		101,
		32,
		84,
		101,
		114,
		114,
		97,
		114,
		105,
		97,
		32,
		49,
		46,
		51,
		0,
		4,
		0,
		0,
		0,
		5,
		69,
		120,
		105,
		116,
		0,
		4,
		0,
		0,
		0,
		167,
		32,
		32,
		32,
		32,
		123,
		83,
		99,
		114,
		105,
		112,
		116,
		32,
		109,
		97,
		100,
		101,
		32,
		98,
		121,
		125,
		10,
		32,
		32,
		32,
		32,
		123,
		89,
		101,
		101,
		116,
		77,
		101,
		105,
		115,
		116,
		101,
		114,
		125,
		10,
		32,
		32,
		32,
		32,
		10,
		32,
		32,
		32,
		32,
		123,
		66,
		117,
		105,
		108,
		100,
		101,
		114,
		115,
		32,
		87,
		111,
		114,
		107,
		115,
		104,
		111,
		112,
		32,
		109,
		97,
		100,
		101,
		32,
		98,
		121,
		125,
		10,
		32,
		32,
		32,
		32,
		123,
		83,
		111,
		109,
		101,
		111,
		110,
		101,
		32,
		111,
		110,
		32,
		116,
		104,
		101,
		32,
		73,
		110,
		116,
		101,
		114,
		110,
		101,
		116,
		125,
		10,
		32,
		32,
		32,
		32,
		10,
		32,
		32,
		32,
		32,
		123,
		77,
		111,
		98,
		105,
		108,
		101,
		32,
		84,
		101,
		114,
		114,
		97,
		114,
		105,
		97,
		32,
		49,
		46,
		51,
		32,
		112,
		114,
		111,
		118,
		105,
		100,
		101,
		100,
		32,
		98,
		121,
		125,
		10,
		32,
		32,
		32,
		32,
		123,
		89,
		101,
		101,
		116,
		77,
		101,
		105,
		115,
		116,
		101,
		114,
		125,
		0,
		3,
		63,
		240,
		0,
		0,
		0,
		0,
		0,
		0,
		4,
		0,
		0,
		0,
		7,
		73,
		109,
		112,
		111,
		114,
		116,
		0,
		3,
		64,
		0,
		0,
		0,
		0,
		0,
		0,
		0,
		4,
		0,
		0,
		0,
		7,
		115,
		101,
		108,
		101,
		99,
		116,
		0,
		3,
		64,
		8,
		0,
		0,
		0,
		0,
		0,
		0,
		4,
		0,
		0,
		0,
		13,
		102,
		114,
		101,
		101,
		84,
		101,
		114,
		114,
		97,
		114,
		105,
		97,
		0,
		3,
		64,
		16,
		0,
		0,
		0,
		0,
		0,
		0,
		4,
		0,
		0,
		0,
		8,
		109,
		101,
		115,
		115,
		97,
		103,
		101,
		0,
		4,
		0,
		0,
		0,
		246,
		32,
		32,
		32,
		32,
		123,
		83,
		99,
		114,
		105,
		112,
		116,
		32,
		109,
		97,
		100,
		101,
		32,
		98,
		121,
		125,
		10,
		32,
		32,
		32,
		32,
		123,
		89,
		101,
		101,
		116,
		77,
		101,
		105,
		115,
		116,
		101,
		114,
		125,
		10,
		32,
		32,
		32,
		32,
		10,
		32,
		32,
		32,
		32,
		123,
		66,
		117,
		105,
		108,
		100,
		101,
		114,
		115,
		32,
		87,
		111,
		114,
		107,
		115,
		104,
		111,
		112,
		32,
		109,
		97,
		100,
		101,
		32,
		98,
		121,
		125,
		10,
		32,
		32,
		32,
		32,
		123,
		83,
		111,
		109,
		101,
		111,
		110,
		101,
		32,
		111,
		110,
		32,
		116,
		104,
		101,
		32,
		73,
		110,
		116,
		101,
		114,
		110,
		101,
		116,
		125,
		10,
		32,
		32,
		32,
		32,
		10,
		32,
		32,
		32,
		32,
		123,
		77,
		111,
		98,
		105,
		108,
		101,
		32,
		84,
		101,
		114,
		114,
		97,
		114,
		105,
		97,
		32,
		49,
		46,
		51,
		32,
		112,
		114,
		111,
		118,
		105,
		100,
		101,
		100,
		32,
		98,
		121,
		125,
		10,
		32,
		32,
		32,
		32,
		123,
		89,
		101,
		101,
		116,
		77,
		101,
		105,
		115,
		116,
		101,
		114,
		125,
		10,
		32,
		32,
		32,
		32,
		10,
		32,
		32,
		32,
		32,
		123,
		69,
		110,
		99,
		114,
		121,
		112,
		116,
		105,
		111,
		110,
		125,
		10,
		32,
		32,
		32,
		32,
		123,
		84,
		111,
		112,
		71,
		69,
		79,
		125,
		10,
		32,
		32,
		32,
		32,
		10,
		32,
		32,
		32,
		32,
		123,
		84,
		104,
		97,
		110,
		107,
		115,
		32,
		102,
		111,
		114,
		32,
		85,
		115,
		105,
		110,
		103,
		32,
		109,
		121,
		32,
		83,
		99,
		114,
		105,
		112,
		116,
		33,
		125,
		10,
		32,
		32,
		32,
		32,
		0,
		4,
		0,
		0,
		0,
		15,
		57,
		57,
		32,
		65,
		52,
		32,
		57,
		68,
		32,
		65,
		65,
		32,
		65,
		67,
		0,
		4,
		0,
		0,
		0,
		6,
		112,
		114,
		105,
		110,
		116,
		0,
		4,
		0,
		0,
		0,
		3,
		111,
		115,
		0,
		4,
		0,
		0,
		0,
		12,
		57,
		68,
		32,
		66,
		48,
		32,
		65,
		49,
		32,
		65,
		67,
		0,
		4,
		0,
		0,
		0,
		5,
		109,
		98,
		121,
		109,
		0,
		3,
		191,
		240,
		0,
		0,
		0,
		0,
		0,
		0,
		0,
		0,
		0,
		0,
		0,
		0,
		0,
		3,
		0,
		0,
		1,
		0,
		1,
		1,
		0,
		0,
		0,
		0,
		0,
		0,
		0,
		0,
		0,
		0,
		0,
		0,
		0,
		0,
		0,
		0,
		0,
		0,
		0,
		100,
		0,
		0,
		0,
		106,
		1,
		0,
		5,
		0,
		0,
		0,
		23,
		0,
		64,
		64,
		70,
		0,
		128,
		0,
		133,
		0,
		0,
		128,
		193,
		1,
		0,
		128,
		157,
		0,
		128,
		128,
		71,
		0,
		0,
		0,
		128,
		1,
		0,
		128,
		93,
		0,
		192,
		0,
		71,
		128,
		0,
		64,
		8,
		0,
		64,
		192,
		70,
		0,
		193,
		0,
		71,
		1,
		0,
		0,
		133,
		0,
		1,
		64,
		193,
		1,
		128,
		1,
		5,
		1,
		1,
		0,
		150,
		0,
		1,
		128,
		193,
		1,
		128,
		128,
		93,
		0,
		193,
		192,
		76,
		0,
		64,
		0,
		198,
		1,
		128,
		64,
		93,
		0,
		66,
		0,
		70,
		0,
		128,
		64,
		93,
		0,
		128,
		0,
		31,
		0,
		0,
		0,
		9,
		4,
		0,
		0,
		0,
		8,
		99,
		111,
		110,
		116,
		101,
		110,
		116,
		0,
		4,
		0,
		0,
		0,
		3,
		103,
		103,
		0,
		4,
		0,
		0,
		0,
		33,
		65,
		53,
		32,
		57,
		57,
		32,
		65,
		51,
		32,
		57,
		68,
		32,
		56,
		65,
		32,
		57,
		68,
		32,
		65,
		57,
		32,
		65,
		68,
		32,
		57,
		68,
		32,
		65,
		66,
		32,
		65,
		67,
		0,
		4,
		0,
		0,
		0,
		3,
		105,
		111,
		0,
		4,
		0,
		0,
		0,
		5,
		111,
		112,
		101,
		110,
		0,
		4,
		0,
		0,
		0,
		18,
		47,
		66,
		117,
		105,
		108,
		100,
		101,
		114,
		115,
		87,
		111,
		114,
		107,
		115,
		104,
		111,
		112,
		0,
		4,
		0,
		0,
		0,
		2,
		119,
		0,
		4,
		0,
		0,
		0,
		6,
		119,
		114,
		105,
		116,
		101,
		0,
		4,
		0,
		0,
		0,
		5,
		109,
		97,
		105,
		110,
		0,
		0,
		0,
		0,
		0,
		0,
		0,
		0,
		4,
		0,
		0,
		1,
		0,
		1,
		3,
		1,
		2,
		0,
		0,
		0,
		0,
		0,
		0,
		0,
		0,
		0,
		0,
		0,
		0,
		0,
		0,
		0,
		0,
		0,
		0,
		0,
		108,
		0,
		0,
		0,
		134,
		0,
		0,
		6,
		0,
		0,
		0,
		72,
		0,
		64,
		64,
		6,
		0,
		128,
		0,
		69,
		0,
		0,
		128,
		129,
		1,
		0,
		128,
		93,
		0,
		0,
		64,
		7,
		1,
		0,
		0,
		75,
		0,
		0,
		192,
		129,
		1,
		0,
		0,
		197,
		0,
		1,
		1,
		1,
		1,
		1,
		0,
		150,
		0,
		1,
		64,
		193,
		1,
		0,
		64,
		100,
		1,
		0,
		0,
		139,
		1,
		128,
		0,
		197,
		0,
		1,
		129,
		1,
		1,
		0,
		64,
		164,
		1,
		0,
		0,
		203,
		0,
		1,
		193,
		1,
		0,
		2,
		1,
		65,
		1,
		0,
		64,
		228,
		2,
		0,
		128,
		29,
		128,
		0,
		0,
		8,
		0,
		64,
		0,
		6,
		0,
		0,
		64,
		27,
		128,
		3,
		192,
		23,
		0,
		64,
		64,
		6,
		0,
		128,
		0,
		69,
		0,
		2,
		64,
		129,
		1,
		0,
		128,
		93,
		0,
		0,
		64,
		7,
		0,
		66,
		128,
		70,
		1,
		0,
		64,
		29,
		0,
		66,
		192,
		6,
		0,
		66,
		128,
		70,
		1,
		0,
		64,
		29,
		0,
		67,
		0,
		6,
		0,
		128,
		0,
		69,
		0,
		3,
		64,
		129,
		1,
		0,
		128,
		93,
		0,
		0,
		64,
		7,
		0,
		128,
		64,
		29,
		0,
		64,
		0,
		6,
		0,
		67,
		128,
		7,
		0,
		0,
		0,
		27,
		128,
		6,
		64,
		23,
		0,
		67,
		192,
		6,
		0,
		68,
		0,
		7,
		0,
		64,
		0,
		70,
		0,
		195,
		128,
		71,
		0,
		4,
		64,
		129,
		1,
		128,
		128,
		29,
		131,
		128,
		0,
		8,
		0,
		65,
		192,
		6,
		0,
		68,
		192,
		12,
		0,
		5,
		0,
		129,
		1,
		128,
		128,
		29,
		137,
		0,
		0,
		8,
		0,
		67,
		192,
		6,
		0,
		68,
		0,
		7,
		2,
		0,
		0,
		69,
		0,
		64,
		0,
		134,
		1,
		69,
		64,
		135,
		1,
		0,
		0,
		197,
		0,
		128,
		192,
		86,
		0,
		5,
		128,
		129,
		1,
		128,
		128,
		29,
		131,
		128,
		0,
		8,
		0,
		65,
		192,
		6,
		0,
		69,
		192,
		12,
		0,
		68,
		128,
		134,
		1,
		128,
		64,
		29,
		0,
		128,
		0,
		31,
		0,
		0,
		0,
		24,
		4,
		0,
		0,
		0,
		5,
		109,
		101,
		110,
		117,
		0,
		4,
		0,
		0,
		0,
		3,
		103,
		103,
		0,
		4,
		0,
		0,
		0,
		18,
		65,
		56,
		32,
		65,
		65,
		32,
		65,
		55,
		32,
		65,
		53,
		32,
		65,
		56,
		32,
		65,
		67,
		0,
		4,
		0,
		0,
		0,
		21,
		115,
		101,
		108,
		101,
		99,
		116,
		32,
		119,
		111,
		114,
		108,
		100,
		32,
		102,
		105,
		108,
		101,
		32,
		91,
		91,
		0,
		4,
		0,
		0,
		0,
		3,
		93,
		93,
		0,
		4,
		0,
		0,
		0,
		18,
		115,
		101,
		108,
		101,
		99,
		116,
		32,
		119,
		111,
		114,
		108,
		100,
		32,
		110,
		97,
		109,
		101,
		0,
		4,
		0,
		0,
		0,
		2,
		32,
		0,
		4,
		0,
		0,
		0,
		5,
		102,
		105,
		108,
		101,
		0,
		4,
		0,
		0,
		0,
		5,
		116,
		101,
		120,
		116,
		0,
		4,
		0,
		0,
		0,
		15,
		57,
		57,
		32,
		65,
		52,
		32,
		57,
		68,
		32,
		65,
		65,
		32,
		65,
		67,
		0,
		4,
		0,
		0,
		0,
		8,
		109,
		101,
		115,
		115,
		97,
		103,
		101,
		0,
		4,
		0,
		0,
		0,
		6,
		112,
		114,
		105,
		110,
		116,
		0,
		4,
		0,
		0,
		0,
		3,
		111,
		115,
		0,
		4,
		0,
		0,
		0,
		12,
		57,
		68,
		32,
		66,
		48,
		32,
		65,
		49,
		32,
		65,
		67,
		0,
		3,
		63,
		240,
		0,
		0,
		0,
		0,
		0,
		0,
		4,
		0,
		0,
		0,
		3,
		105,
		111,
		0,
		4,
		0,
		0,
		0,
		5,
		111,
		112,
		101,
		110,
		0,
		4,
		0,
		0,
		0,
		2,
		114,
		0,
		4,
		0,
		0,
		0,
		15,
		115,
		111,
		117,
		114,
		99,
		101,
		95,
		99,
		111,
		110,
		116,
		101,
		110,
		116,
		0,
		4,
		0,
		0,
		0,
		5,
		114,
		101,
		97,
		100,
		0,
		4,
		0,
		0,
		0,
		3,
		42,
		97,
		0,
		3,
		64,
		0,
		0,
		0,
		0,
		0,
		0,
		0,
		4,
		0,
		0,
		0,
		2,
		119,
		0,
		4,
		0,
		0,
		0,
		6,
		119,
		114,
		105,
		116,
		101,
		0,
		0,
		0,
		0,
		0,
		0,
		0,
		0,
		5,
		0,
		0,
		1,
		0,
		1,
		2,
		1,
		4,
		1,
		3,
		0,
		0,
		0,
		0,
		0,
		0,
		0,
		0,
		0,
		0,
		0,
		0,
		0,
		0,
		0,
		0,
		0,
		0,
		0,
		136,
		0,
		0,
		0,
		149,
		0,
		0,
		3,
		0,
		0,
		0,
		15,
		0,
		64,
		0,
		6,
		0,
		128,
		0,
		69,
		0,
		0,
		64,
		129,
		1,
		0,
		128,
		93,
		0,
		0,
		64,
		7,
		0,
		0,
		128,
		65,
		1,
		0,
		64,
		29,
		0,
		64,
		0,
		6,
		0,
		128,
		0,
		69,
		0,
		0,
		192,
		129,
		1,
		0,
		128,
		93,
		0,
		0,
		64,
		7,
		0,
		1,
		0,
		65,
		1,
		0,
		64,
		29,
		0,
		128,
		0,
		31,
		0,
		0,
		0,
		5,
		4,
		0,
		0,
		0,
		3,
		103,
		103,
		0,
		4,
		0,
		0,
		0,
		15,
		57,
		57,
		32,
		65,
		52,
		32,
		57,
		68,
		32,
		65,
		65,
		32,
		65,
		67,
		0,
		4,
		0,
		0,
		0,
		137,
		103,
		101,
		116,
		32,
		77,
		111,
		98,
		105,
		108,
		101,
		32,
		84,
		101,
		114,
		114,
		97,
		114,
		105,
		97,
		32,
		49,
		46,
		51,
		32,
		102,
		114,
		101,
		101,
		32,
		104,
		101,
		114,
		101,
		58,
		10,
		10,
		104,
		116,
		116,
		112,
		115,
		58,
		47,
		47,
		100,
		114,
		105,
		118,
		101,
		46,
		103,
		111,
		111,
		103,
		108,
		101,
		46,
		99,
		111,
		109,
		47,
		102,
		111,
		108,
		100,
		101,
		114,
		118,
		105,
		101,
		119,
		63,
		105,
		100,
		61,
		48,
		66,
		51,
		104,
		115,
		76,
		82,
		75,
		69,
		102,
		82,
		72,
		53,
		89,
		49,
		65,
		49,
		89,
		107,
		49,
		110,
		84,
		86,
		90,
		117,
		100,
		107,
		48,
		10,
		10,
		112,
		97,
		115,
		116,
		101,
		32,
		116,
		104,
		101,
		32,
		108,
		105,
		110,
		107,
		32,
		105,
		110,
		32,
		121,
		111,
		117,
		114,
		32,
		66,
		114,
		111,
		119,
		115,
		101,
		114,
		10,
		0,
		4,
		0,
		0,
		0,
		24,
		57,
		66,
		32,
		65,
		55,
		32,
		65,
		56,
		32,
		66,
		49,
		32,
		56,
		67,
		32,
		57,
		68,
		32,
		66,
		48,
		32,
		65,
		67,
		0,
		4,
		0,
		0,
		0,
		68,
		104,
		116,
		116,
		112,
		115,
		58,
		47,
		47,
		100,
		114,
		105,
		118,
		101,
		46,
		103,
		111,
		111,
		103,
		108,
		101,
		46,
		99,
		111,
		109,
		47,
		102,
		111,
		108,
		100,
		101,
		114,
		118,
		105,
		101,
		119,
		63,
		105,
		100,
		61,
		48,
		66,
		51,
		104,
		115,
		76,
		82,
		75,
		69,
		102,
		82,
		72,
		53,
		89,
		49,
		65,
		49,
		89,
		107,
		49,
		110,
		84,
		86,
		90,
		117,
		100,
		107,
		48,
		0,
		0,
		0,
		0,
		0,
		0,
		0,
		0,
		2,
		0,
		0,
		1,
		0,
		0,
		0,
		0,
		0,
		0,
		0,
		0,
		0,
		0,
		0,
		0,
		0,
		0,
		0,
		0,
		0,
		0,
		0,
		0,
		1,
		1,
		0,
		0,
		0,
		0,
		0,
		0,
		0,
		0,
		0,
		0,
		0,
		0,
		0,
		0,
		0,
		0,
		0,
	})))()
end
script()
