-- Lua simple XOR encrypt by Ganlv
-- https://github.com/ganlvtech/lua-simple-encrypt
key = gg.prompt({ "Password:" }, { "" }, { "text" })[1]
local a = load((function(b, c)
	function bxor(d, e)
		local f = { { 0, 1 }, { 1, 0 } }
		local g = 1
		local h = 0
		while d > 0 or e > 0 do
			h = h + f[d % 2 + 1][e % 2 + 1] * g
			d = math.floor(d / 2)
			e = math.floor(e / 2)
			g = g * 2
		end
		return h
	end
	local i = function(b)
		local j = {}
		local k = 1
		local l = b[k]
		while l >= 0 do
			j[k] = b[l + 1]
			k = k + 1
			l = b[k]
		end
		return j
	end
	local m = function(b, c)
		if #c <= 0 then
			return {}
		end
		local k = 1
		local n = 1
		for k = 1, #b do
			b[k] = bxor(b[k], string.byte(c, n))
			n = n + 1
			if n > #c then
				n = 1
			end
		end
		return b
	end
	local o = function(b)
		local j = ""
		for k = 1, #b do
			j = j .. string.char(b[k])
		end
		return j
	end
	return o(m(i(b), c))
end)({
	7130,
	7499,
	6637,
	7191,
	4492,
	7769,
	7947,
	4201,
	5993,
	5869,
	5848,
	5459,
	5372,
	7706,
	5129,
	4670,
	5689,
	6567,
	5797,
	5760,
	6437,
	7596,
	5923,
	7271,
	4941,
	5024,
	7654,
	6400,
	4737,
	4260,
	5101,
	4943,
	3960,
	5201,
	6327,
	6730,
	6093,
	6040,
	5674,
	4822,
	6078,
	5170,
	5433,
	6633,
	7180,
	6393,
	4333,
	7425,
	4864,
	5411,
	5202,
	7749,
	7469,
	7421,
	5489,
	7305,
	7228,
	7306,
	7241,
	7684,
	4479,
	7793,
	5981,
	4579,
	6193,
	5482,
	5973,
	4109,
	7503,
	4056,
	6829,
	5762,
	7254,
	4097,
	5140,
	7789,
	7683,
	7526,
	7574,
	4362,
	5764,
	4935,
	5171,
	5950,
	4925,
	7699,
	5612,
	7135,
	4988,
	6897,
	6251,
	4701,
	5113,
	6983,
	6879,
	5824,
	4392,
	7108,
	5292,
	6394,
	7563,
	3976,
	4541,
	4354,
	6911,
	5816,
	4787,
	5642,
	6651,
	5693,
	4906,
	4740,
	5437,
	4493,
	4348,
	6239,
	5154,
	7689,
	4218,
	7840,
	4280,
	6797,
	4089,
	4151,
	5511,
	7564,
	6297,
	4753,
	6138,
	7060,
	5945,
	6683,
	4137,
	7819,
	7894,
	6468,
	4122,
	6529,
	5095,
	7860,
	4435,
	5291,
	6045,
	4167,
	5723,
	7298,
	6066,
	7552,
	4773,
	4634,
	6554,
	5442,
	5274,
	4602,
	7451,
	7153,
	7083,
	6309,
	5512,
	5550,
	7802,
	6563,
	4383,
	4734,
	6561,
	4698,
	4179,
	6643,
	5604,
	7880,
	4277,
	7849,
	7375,
	7966,
	6888,
	7003,
	6988,
	7046,
	5273,
	6330,
	8012,
	7299,
	5887,
	6091,
	3996,
	6579,
	5992,
	6978,
	7404,
	4610,
	7919,
	4366,
	5919,
	5951,
	5146,
	5083,
	5621,
	5474,
	3995,
	6792,
	5657,
	7668,
	4018,
	4795,
	4890,
	6042,
	6996,
	7004,
	6298,
	4075,
	6457,
	7981,
	4130,
	7121,
	5516,
	7757,
	5733,
	8011,
	5590,
	4811,
	4214,
	6649,
	4660,
	5725,
	6264,
	5086,
	5060,
	7825,
	4059,
	4630,
	5578,
	7436,
	5065,
	5330,
	5085,
	6518,
	4197,
	6258,
	6521,
	5916,
	4405,
	7218,
	6051,
	7903,
	6388,
	4921,
	6449,
	4145,
	4307,
	4338,
	6179,
	6885,
	6114,
	7131,
	6846,
	7735,
	7395,
	4946,
	4633,
	7159,
	6284,
	6257,
	4627,
	6979,
	4317,
	6816,
	5153,
	4826,
	4119,
	7641,
	7666,
	7287,
	6594,
	3971,
	6274,
	6599,
	6815,
	7565,
	5835,
	6514,
	6652,
	6539,
	6106,
	7911,
	7831,
	7727,
	6870,
	4500,
	4976,
	7282,
	5736,
	7364,
	5099,
	4193,
	5565,
	6752,
	4837,
	5400,
	6174,
	6551,
	6576,
	6357,
	5640,
	5740,
	6912,
	6909,
	7294,
	7245,
	5517,
	6079,
	7520,
	6469,
	7261,
	5658,
	6043,
	7553,
	6122,
	6958,
	7238,
	7353,
	7952,
	5276,
	5413,
	7857,
	7705,
	6089,
	6725,
	4351,
	7854,
	7550,
	6892,
	4047,
	5722,
	7788,
	6068,
	6772,
	4802,
	7205,
	4105,
	5211,
	7253,
	6074,
	7109,
	4402,
	4023,
	7289,
	7359,
	4578,
	7112,
	5256,
	5600,
	4640,
	5466,
	7013,
	6164,
	6530,
	6542,
	6399,
	5547,
	4397,
	6556,
	4544,
	4644,
	7577,
	6065,
	6629,
	5235,
	5460,
	5562,
	7658,
	7650,
	5002,
	6766,
	4425,
	6255,
	4026,
	4916,
	4424,
	4124,
	5597,
	6036,
	7660,
	7998,
	4907,
	7767,
	7939,
	4850,
	6761,
	7321,
	5823,
	7373,
	4732,
	7545,
	3982,
	7363,
	4499,
	4334,
	5661,
	6087,
	4623,
	7867,
	7490,
	4219,
	7037,
	4206,
	4549,
	6513,
	5200,
	6369,
	7626,
	4344,
	7372,
	6246,
	4341,
	6313,
	6301,
	4861,
	6225,
	5275,
	4696,
	4463,
	7662,
	5730,
	6064,
	6855,
	7969,
	5089,
	4661,
	4517,
	7449,
	7345,
	7365,
	7973,
	6744,
	6338,
	7266,
	5223,
	6129,
	5123,
	5488,
	6430,
	4364,
	4246,
	4518,
	7738,
	6859,
	5538,
	6334,
	5525,
	7317,
	4612,
	7540,
	6920,
	4065,
	4429,
	6273,
	5728,
	7898,
	6622,
	5841,
	7206,
	5419,
	7886,
	6589,
	7739,
	4893,
	4794,
	5302,
	5347,
	6143,
	6024,
	7250,
	6291,
	4455,
	7141,
	5001,
	5606,
	7907,
	3999,
	6483,
	6458,
	7420,
	6496,
	5884,
	6058,
	7529,
	7512,
	7631,
	5894,
	4509,
	7975,
	6686,
	5866,
	5405,
	7397,
	4147,
	6510,
	7765,
	6522,
	6719,
	5851,
	7760,
	5946,
	4017,
	4577,
	4160,
	4712,
	7747,
	7227,
	4421,
	6227,
	7832,
	6049,
	6502,
	6707,
	5296,
	8008,
	4120,
	7481,
	4456,
	7342,
	4321,
	7090,
	7177,
	6209,
	5172,
	4247,
	6863,
	4355,
	7263,
	7934,
	4862,
	5735,
	5966,
	7458,
	5687,
	5595,
	5947,
	6590,
	4494,
	5820,
	3966,
	5985,
	7953,
	7067,
	4760,
	6002,
	7048,
	8000,
	7213,
	4571,
	7020,
	6980,
	5375,
	4361,
	7311,
	4830,
	6991,
	6842,
	5912,
	6684,
	6495,
	4851,
	3998,
	5515,
	7236,
	6659,
	5281,
	6940,
	5343,
	5833,
	5006,
	4482,
	5540,
	7937,
	7755,
	6337,
	7633,
	5134,
	6080,
	7675,
	5210,
	7249,
	4182,
	5351,
	5929,
	7331,
	5338,
	5224,
	7943,
	4665,
	6375,
	7300,
	6037,
	4281,
	6289,
	4566,
	6343,
	5953,
	7052,
	5148,
	4168,
	5763,
	6793,
	6660,
	4297,
	4187,
	5394,
	7371,
	4626,
	7102,
	5754,
	6625,
	6189,
	4339,
	6666,
	6577,
	6071,
	7742,
	5462,
	5322,
	5987,
	5189,
	4005,
	4199,
	5768,
	4282,
	7632,
	5926,
	4460,
	5021,
	5627,
	5038,
	4593,
	5073,
	4498,
	4756,
	6547,
	4892,
	6123,
	7929,
	6061,
	4685,
	7643,
	4801,
	5149,
	4082,
	6799,
	7698,
	4180,
	7916,
	4572,
	5913,
	6548,
	4020,
	7319,
	4238,
	5314,
	4845,
	5008,
	6964,
	6443,
	5000,
	6366,
	4628,
	7476,
	7357,
	4223,
	4069,
	4927,
	4690,
	4752,
	4926,
	4346,
	6512,
	7200,
	7063,
	6253,
	6270,
	6132,
	7554,
	4808,
	5114,
	7103,
	5983,
	6765,
	4639,
	6200,
	5312,
	6287,
	4451,
	6015,
	5542,
	7226,
	6398,
	4692,
	4265,
	5058,
	5118,
	4403,
	7778,
	5234,
	5422,
	4896,
	6329,
	7648,
	7462,
	7326,
	4972,
	5425,
	7435,
	3992,
	5346,
	5238,
	7575,
	4019,
	4849,
	7344,
	4043,
	4177,
	5938,
	7032,
	5680,
	7491,
	4275,
	7347,
	7015,
	4832,
	7268,
	6416,
	6880,
	7486,
	5231,
	6525,
	6789,
	6708,
	4900,
	7888,
	7663,
	4961,
	6857,
	4464,
	4755,
	4975,
	7329,
	7209,
	5784,
	7390,
	5076,
	6891,
	3981,
	6732,
	5361,
	4021,
	5557,
	7868,
	6019,
	5418,
	6674,
	5931,
	7951,
	4616,
	6083,
	7170,
	6738,
	4512,
	6486,
	6419,
	7386,
	7291,
	7656,
	4527,
	5221,
	6219,
	6176,
	5439,
	6992,
	7239,
	6168,
	7019,
	5481,
	5530,
	4899,
	5705,
	6735,
	6600,
	5178,
	5287,
	4538,
	5016,
	5333,
	6507,
	6623,
	5649,
	4095,
	4227,
	7891,
	6764,
	4486,
	4583,
	4863,
	5262,
	4054,
	6810,
	5174,
	5790,
	5922,
	6031,
	6320,
	6858,
	5491,
	4442,
	7407,
	6952,
	5892,
	7905,
	4382,
	6240,
	5843,
	6109,
	5136,
	5995,
	6361,
	6582,
	4738,
	4762,
	4352,
	4673,
	7058,
	7604,
	7424,
	7237,
	6285,
	7732,
	4693,
	6311,
	7800,
	5539,
	6851,
	3990,
	5548,
	7846,
	7089,
	5357,
	7387,
	7405,
	8013,
	4970,
	5572,
	5551,
	4820,
	6295,
	6656,
	5703,
	7092,
	5609,
	6348,
	4245,
	5043,
	6747,
	4589,
	4632,
	7051,
	6098,
	7872,
	5500,
	4569,
	7628,
	6746,
	6190,
	5501,
	5972,
	4471,
	6256,
	5707,
	7806,
	7634,
	5271,
	7181,
	6644,
	6700,
	7156,
	3957,
	4810,
	5636,
	5091,
	5412,
	4881,
	4228,
	5145,
	5444,
	6057,
	7439,
	7322,
	6144,
	4646,
	4674,
	6292,
	3974,
	5266,
	7427,
	7968,
	5580,
	5677,
	7519,
	6140,
	7283,
	4856,
	7744,
	6384,
	7189,
	4570,
	6050,
	6737,
	7720,
	7572,
	6466,
	5196,
	5905,
	7328,
	6612,
	4431,
	4624,
	6333,
	7403,
	6028,
	5656,
	6001,
	4192,
	5398,
	5484,
	6741,
	7418,
	4939,
	7555,
	5586,
	6039,
	5342,
	6041,
	5157,
	7595,
	5783,
	7938,
	6340,
	4744,
	4070,
	8016,
	7055,
	7787,
	5559,
	5710,
	7576,
	4902,
	4428,
	6631,
	7124,
	5734,
	5900,
	4290,
	6159,
	4230,
	4291,
	5334,
	5971,
	5641,
	7027,
	5093,
	7290,
	7625,
	4800,
	5435,
	6055,
	5144,
	6975,
	7777,
	6096,
	3952,
	4077,
	6977,
	4091,
	4306,
	4823,
	4112,
	7686,
	4883,
	6010,
	7918,
	4607,
	4439,
	5035,
	6480,
	7233,
	6418,
	7678,
	7443,
	6945,
	7340,
	7303,
	6402,
	6352,
	5074,
	6325,
	4945,
	7120,
	7056,
	6492,
	4314,
	4473,
	7489,
	6883,
	5876,
	7653,
	5543,
	4575,
	5576,
	5908,
	4028,
	7542,
	5694,
	5277,
	4931,
	5380,
	4242,
	4905,
	4386,
	4185,
	5594,
	5706,
	6771,
	4045,
	6884,
	5831,
	5328,
	5414,
	7949,
	4743,
	6987,
	6250,
	4562,
	6405,
	8019,
	6445,
	7352,
	6236,
	4458,
	5229,
	6300,
	6435,
	6454,
	6142,
	7534,
	7971,
	4824,
	5004,
	6757,
	4224,
	5808,
	4037,
	7928,
	4347,
	7717,
	5019,
	6378,
	7336,
	6603,
	4289,
	5793,
	7281,
	4828,
	5800,
	3984,
	5638,
	7366,
	5970,
	7059,
	4839,
	6442,
	5323,
	6420,
	4478,
	6748,
	7273,
	7842,
	7677,
	4567,
	6662,
	7978,
	7285,
	6703,
	7165,
	5020,
	4533,
	4908,
	6192,
	4159,
	4200,
	4838,
	5420,
	5761,
	7274,
	7883,
	7044,
	4726,
	5325,
	4068,
	7801,
	4772,
	5836,
	5782,
	4191,
	5968,
	6208,
	7288,
	6021,
	5822,
	6904,
	7054,
	7875,
	4046,
	6821,
	4671,
	7537,
	7419,
	6183,
	5958,
	4234,
	7636,
	6014,
	6956,
	5367,
	4270,
	7450,
	3948,
	4651,
	7718,
	4704,
	6682,
	4601,
	5278,
	7725,
	6322,
	6237,
	7820,
	7573,
	7140,
	7694,
	5844,
	6372,
	7709,
	4667,
	7484,
	4249,
	6788,
	6768,
	7085,
	7434,
	5022,
	6943,
	6275,
	6427,
	4198,
	5137,
	4158,
	4169,
	6488,
	7494,
	7361,
	4138,
	5449,
	7970,
	5653,
	8020,
	4055,
	4008,
	5996,
	6302,
	5487,
	4875,
	6871,
	4186,
	6312,
	5561,
	5188,
	6628,
	4176,
	4132,
	5526,
	5812,
	5088,
	7262,
	5977,
	5305,
	7729,
	6721,
	5799,
	7714,
	6607,
	5948,
	6116,
	4917,
	5009,
	5806,
	6898,
	7070,
	6939,
	5359,
	7592,
	4144,
	5855,
	7881,
	6950,
	5556,
	6276,
	5691,
	4342,
	7967,
	5647,
	7111,
	4689,
	6238,
	6932,
	7737,
	5284,
	4251,
	6367,
	7324,
	6451,
	6118,
	5759,
	5827,
	5633,
	5160,
	6834,
	4412,
	4467,
	6591,
	7715,
	6774,
	6528,
	7941,
	7061,
	4636,
	5057,
	6704,
	4580,
	5891,
	5176,
	6086,
	6775,
	4088,
	6044,
	7932,
	7797,
	7293,
	7681,
	6023,
	5949,
	6790,
	5025,
	7670,
	7146,
	7691,
	5769,
	7047,
	7531,
	7171,
	5232,
	5219,
	6849,
	7568,
	4325,
	6608,
	7549,
	6383,
	6895,
	7315,
	5045,
	7456,
	6171,
	4891,
	7642,
	7803,
	7856,
	4568,
	6864,
	7827,
	5610,
	7467,
	7292,
	5003,
	4656,
	4372,
	6982,
	4081,
	6471,
	4220,
	5106,
	7583,
	4505,
	6784,
	6324,
	7247,
	5476,
	6004,
	5608,
	4296,
	6165,
	7183,
	5475,
	6341,
	5455,
	4481,
	4480,
	5105,
	7127,
	6146,
	6498,
	6326,
	6562,
	7562,
	6272,
	7132,
	5978,
	5282,
	4003,
	7453,
	4614,
	5257,
	7219,
	7965,
	6351,
	7493,
	6690,
	6170,
	7594,
	6117,
	4996,
	7152,
	4359,
	5743,
	6278,
	6803,
	4450,
	6963,
	5251,
	4880,
	5598,
	4272,
	7601,
	4663,
	7580,
	6216,
	4706,
	7809,
	6306,
	5825,
	6720,
	4868,
	8004,
	5233,
	4154,
	5387,
	7026,
	4608,
	6588,
	5269,
	8018,
	7388,
	7248,
	5901,
	4597,
	7835,
	5472,
	7980,
	4940,
	5873,
	6938,
	4700,
	7955,
	4657,
	7006,
	7444,
	4742,
	5161,
	4288,
	6465,
	6557,
	6830,
	4491,
	7039,
	5630,
	7431,
	6426,
	7859,
	4504,
	5318,
	7297,
	5681,
	7104,
	6182,
	4174,
	5777,
	7923,
	7040,
	5863,
	6669,
	6944,
	4357,
	5477,
	7276,
	7909,
	6515,
	6812,
	7700,
	6104,
	4353,
	5778,
	4596,
	5264,
	4652,
	5856,
	6568,
	6310,
	6616,
	5159,
	4736,
	4000,
	5471,
	6180,
	7511,
	7134,
	7902,
	4771,
	4212,
	5956,
	4155,
	6479,
	5986,
	5682,
	7370,
	7172,
	6038,
	6137,
	4981,
	7783,
	6511,
	4874,
	5349,
	6506,
	7000,
	6990,
	5720,
	4553,
	4271,
	5854,
	5180,
	4427,
	7851,
	4629,
	4784,
	7384,
	5133,
	5751,
	5518,
	7882,
	3963,
	5989,
	7416,
	5399,
	5055,
	4256,
	6847,
	5167,
	5438,
	6913,
	7532,
	5704,
	6739,
	6923,
	3956,
	6084,
	7160,
	5111,
	4099,
	7460,
	4217,
	7338,
	6910,
	4909,
	4029,
	4210,
	3950,
	7616,
	6349,
	4002,
	5663,
	5618,
	4866,
	5048,
	5212,
	6886,
	6266,
	7301,
	4204,
	7988,
	6314,
	7646,
	4971,
	7459,
	7482,
	6676,
	4964,
	7579,
	4449,
	5724,
	7858,
	4746,
	4791,
	6696,
	6661,
	6440,
	5924,
	7457,
	4303,
	5963,
	7710,
	6743,
	5470,
	7865,
	7695,
	4373,
	7492,
	7162,
	5786,
	7323,
	4255,
	4484,
	6779,
	6026,
	7830,
	8001,
	7358,
	5959,
	7551,
	4710,
	6640,
	7508,
	6474,
	5448,
	6606,
	4293,
	7118,
	6754,
	5915,
	5051,
	5679,
	5403,
	4149,
	4914,
	6505,
	6713,
	4196,
	6169,
	5497,
	5239,
	4758,
	5742,
	4211,
	5589,
	5458,
	7853,
	5770,
	4936,
	5731,
	4232,
	5360,
	7136,
	8015,
	7412,
	7392,
	6185,
	7816,
	6242,
	5849,
	8010,
	5506,
	6108,
	4724,
	7086,
	4948,
	7922,
	6244,
	5888,
	5738,
	7072,
	6780,
	6434,
	4222,
	7936,
	5478,
	6475,
	4445,
	7581,
	5350,
	5388,
	6152,
	5401,
	7741,
	5249,
	5452,
	7507,
	6417,
	7862,
	4337,
	4501,
	5666,
	6595,
	7547,
	6929,
	7192,
	7821,
	7125,
	7501,
	7530,
	6962,
	5317,
	3983,
	7541,
	7197,
	6446,
	7186,
	4535,
	4506,
	6081,
	7726,
	5711,
	5404,
	4441,
	4461,
	5842,
	4266,
	6245,
	5536,
	5193,
	6101,
	6184,
	5988,
	4365,
	6971,
	4350,
	4547,
	6604,
	4526,
	7614,
	5283,
	5179,
	4650,
	4322,
	7585,
	3977,
	7327,
	6566,
	6878,
	4782,
	5473,
	4637,
	7163,
	6082,
	6279,
	6887,
	4638,
	4731,
	4777,
	7764,
	6931,
	4172,
	7264,
	6783,
	7195,
	5037,
	7927,
	7225,
	4557,
	5104,
	4044,
	5573,
	7716,
	6112,
	7844,
	6800,
	6370,
	4410,
	4345,
	5998,
	7609,
	4229,
	7196,
	4507,
	3973,
	4591,
	4039,
	6339,
	6902,
	4084,
	6781,
	5124,
	7074,
	4300,
	7277,
	6960,
	6921,
	5616,
	7021,
	5162,
	6478,
	6650,
	4998,
	7696,
	7069,
	4436,
	7410,
	5683,
	6397,
	6727,
	4302,
	7075,
	6243,
	4226,
	4928,
	7383,
	4031,
	6163,
	7382,
	5075,
	5182,
	7959,
	7150,
	7808,
	6798,
	6181,
	6546,
	5718,
	7038,
	4195,
	4469,
	4163,
	7350,
	7005,
	7430,
	6578,
	7224,
	6155,
	6736,
	5804,
	6520,
	5303,
	6403,
	6791,
	4015,
	6592,
	5053,
	6119,
	4416,
	5072,
	4175,
	6226,
	5785,
	6234,
	6157,
	4087,
	4432,
	7538,
	7498,
	7876,
	5895,
	5765,
	6745,
	7771,
	7193,
	6973,
	5301,
	5602,
	6261,
	4221,
	4818,
	7613,
	3962,
	7221,
	7751,
	5079,
	4797,
	6230,
	4821,
	5984,
	5041,
	5646,
	7215,
	4378,
	7635,
	5107,
	7900,
	7651,
	7954,
	7466,
	6121,
	4898,
	4100,
	5943,
	6363,
	4884,
	5298,
	6795,
	5531,
	7620,
	6197,
	6536,
	4829,
	5454,
	7066,
	7603,
	6136,
	4083,
	4669,
	7461,
	5624,
	5809,
	4643,
	7139,
	5732,
	6508,
	6360,
	5109,
	5092,
	6806,
	5651,
	5592,
	5620,
	5108,
	5920,
	6867,
	6133,
	5464,
	4686,
	6020,
	3961,
	5810,
	5376,
	6889,
	6271,
	7991,
	7007,
	4842,
	7105,
	6717,
	4459,
	6035,
	4457,
	7556,
	5570,
	5603,
	4523,
	6593,
	4516,
	6957,
	5027,
	5415,
	5033,
	7325,
	7950,
	4910,
	7931,
	4422,
	4717,
	7996,
	7446,
	7252,
	5046,
	4252,
	4548,
	6654,
	4343,
	4396,
	6698,
	6811,
	4860,
	6526,
	5320,
	6124,
	6955,
	6731,
	6167,
	7785,
	7101,
	4071,
	6379,
	4358,
	7623,
	4157,
	6499,
	7818,
	5097,
	6120,
	7312,
	6016,
	5574,
	5461,
	5119,
	7591,
	4409,
	7398,
	6268,
	6621,
	6917,
	4490,
	4135,
	4531,
	6584,
	4125,
	5184,
	4181,
	5014,
	4136,
	6523,
	6392,
	7570,
	3970,
	7798,
	6970,
	4476,
	5713,
	5744,
	8002,
	8003,
	6972,
	7774,
	5665,
	4843,
	6223,
	7839,
	4166,
	4894,
	5152,
	4952,
	5441,
	7053,
	4683,
	4684,
	5980,
	5918,
	5486,
	7505,
	5348,
	4949,
	7351,
	7750,
	6974,
	6695,
	5241,
	6147,
	5141,
	4841,
	7409,
	7018,
	6679,
	6875,
	5012,
	6110,
	7084,
	7884,
	5143,
	8006,
	5446,
	7607,
	5617,
	7286,
	6805,
	4411,
	4813,
	4274,
	7994,
	5267,
	5571,
	6111,
	6900,
	6293,
	4244,
	5218,
	6063,
	4511,
	6439,
	7082,
	5766,
	5186,
	7098,
	4049,
	6843,
	4540,
	7265,
	5217,
	6794,
	4625,
	6027,
	6947,
	4995,
	6354,
	6158,
	4790,
	7779,
	6102,
	6377,
	5421,
	4116,
	7010,
	7942,
	7906,
	4401,
	7638,
	4133,
	6077,
	6395,
	7097,
	4658,
	7810,
	4102,
	6914,
	6615,
	4489,
	7805,
	4058,
	7776,
	7794,
	4695,
	6030,
	5498,
	4617,
	6678,
	6005,
	6332,
	7685,
	7448,
	5378,
	4327,
	4117,
	7910,
	7963,
	4370,
	5100,
	6653,
	6316,
	7999,
	5847,
	5787,
	4216,
	5541,
	5879,
	5546,
	4901,
	4278,
	6729,
	5103,
	4268,
	7374,
	7745,
	5335,
	4774,
	6756,
	7173,
	7605,
	5431,
	4888,
	4012,
	5676,
	6670,
	5554,
	4190,
	5935,
	4194,
	6949,
	6619,
	4655,
	5652,
	4919,
	4101,
	6463,
	6220,
	5240,
	6265,
	7204,
	6541,
	6470,
	4104,
	7339,
	7813,
	5443,
	5253,
	6580,
	6722,
	7972,
	7212,
	5807,
	5358,
	6808,
	5356,
	4530,
	4051,
	6429,
	6092,
	4675,
	4994,
	6827,
	3987,
	5369,
	4739,
	7976,
	4977,
	5195,
	5503,
	7138,
	4319,
	7701,
	5499,
	7836,
	5243,
	4709,
	5712,
	7296,
	5080,
	4073,
	4999,
	6571,
	6817,
	7028,
	6641,
	6288,
	4711,
	5465,
	4010,
	4414,
	4525,
	6376,
	6011,
	5445,
	5392,
	7544,
	6482,
	6930,
	6177,
	5509,
	7381,
	4140,
	7804,
	4014,
	6759,
	4993,
	5164,
	6968,
	4128,
	7229,
	5340,
	4261,
	7582,
	6212,
	7335,
	5228,
	7712,
	7452,
	5615,
	6198,
	4757,
	7674,
	4798,
	5702,
	5902,
	7471,
	4585,
	7615,
	6126,
	6967,
	4969,
	6668,
	5558,
	6450,
	6638,
	4443,
	5729,
	6948,
	4962,
	5566,
	6088,
	4776,
	5625,
	3978,
	5368,
	5382,
	4024,
	6282,
	4283,
	5815,
	6166,
	4001,
	5667,
	7524,
	7692,
	4034,
	7354,
	5675,
	7590,
	7812,
	4678,
	5289,
	5285,
	4668,
	6145,
	5747,
	6056,
	5248,
	5613,
	4072,
	4258,
	4980,
	5865,
	7974,
	6749,
	6487,
	6018,
	6787,
	6130,
	6073,
	4780,
	7829,
	5859,
	6627,
	7504,
	4434,
	5493,
	6777,
	6194,
	5756,
	5395,
	6490,
	6500,
	4950,
	6776,
	7316,
	5297,
	6034,
	4872,
	6710,
	6368,
	6196,
	6626,
	4150,
	4528,
	7877,
	4173,
	7790,
	6862,
	4284,
	7014,
	6009,
	5373,
	7465,
	5952,
	5631,
	4129,
	4267,
	4415,
	5882,
	3955,
	4096,
	4161,
	6022,
	4189,
	5969,
	4131,
	7440,
	5885,
	5409,
	5434,
	4564,
	7154,
	7610,
	5094,
	5032,
	7302,
	4944,
	4876,
	4103,
	5767,
	3959,
	5939,
	4324,
	7817,
	6751,
	5268,
	5166,
	7711,
	6186,
	6054,
	6336,
	5721,
	6581,
	5974,
	5563,
	5428,
	4162,
	7123,
	7897,
	7346,
	4367,
	6919,
	4520,
	4631,
	7223,
	6893,
	6699,
	4208,
	3949,
	5700,
	7129,
	5044,
	7423,
	7203,
	6762,
	6247,
	7081,
	4387,
	6346,
	6318,
	7843,
	4543,
	4391,
	4394,
	6985,
	7341,
	7246,
	6896,
	5927,
	5507,
	4854,
	5593,
	5776,
	3994,
	7611,
	5936,
	7673,
	7174,
	7480,
	5353,
	7523,
	6294,
	6436,
	7759,
	4399,
	4146,
	4751,
	6125,
	4647,
	5601,
	6869,
	6029,
	6873,
	7211,
	6657,
	4581,
	6423,
	6742,
	5910,
	6386,
	5408,
	6617,
	6852,
	7041,
	6390,
	6472,
	6585,
	7961,
	7415,
	4957,
	4320,
	5701,
	6128,
	7622,
	7617,
	7272,
	7571,
	6942,
	7217,
	7468,
	7033,
	7518,
	4750,
	5659,
	4331,
	5110,
	4869,
	7733,
	5117,
	5150,
	5173,
	4074,
	6075,
	5941,
	5575,
	7598,
	6178,
	7202,
	6283,
	6131,
	4241,
	4730,
	4983,
	5504,
	7259,
	4973,
	6969,
	6687,
	6689,
	5151,
	5227,
	7746,
	6149,
	4966,
	6317,
	4836,
	7850,
	7917,
	7866,
	7187,
	6837,
	4654,
	4804,
	6460,
	7734,
	6693,
	7422,
	7143,
	5214,
	6224,
	5715,
	5135,
	5581,
	7400,
	6358,
	4013,
	4418,
	5013,
	6150,
	5549,
	5492,
	4680,
	4141,
	4332,
	6067,
	7369,
	6319,
	4552,
	6833,
	4556,
	7815,
	7659,
	5708,
	5299,
	6868,
	6993,
	7235,
	4546,
	7107,
	6560,
	4111,
	4253,
	5513,
	6712,
	5717,
	5874,
	4985,
	7385,
	5087,
	4508,
	5599,
	5187,
	7243,
	4904,
	4063,
	6655,
	6135,
	5961,
	5054,
	5596,
	7310,
	4519,
	6903,
	4767,
	4918,
	6583,
	7308,
	5090,
	6206,
	4090,
	6688,
	7284,
	4388,
	7895,
	5084,
	7068,
	4086,
	6323,
	4923,
	7049,
	5752,
	5390,
	6097,
	5362,
	4783,
	6702,
	7255,
	6428,
	4462,
	3965,
	6235,
	6103,
	4955,
	7222,
	7763,
	4048,
	4727,
	7560,
	5533,
	4586,
	6802,
	4844,
	6070,
	6872,
	4447,
	6881,
	7811,
	5078,
	6951,
	6000,
	6516,
	7743,
	7413,
	4011,
	7606,
	4426,
	6173,
	5502,
	4313,
	7657,
	6345,
	5265,
	6012,
	6718,
	5893,
	7671,
	6115,
	4060,
	6355,
	6188,
	7155,
	4316,
	5313,
	6801,
	4016,
	6989,
	4911,
	6421,
	5623,
	7022,
	6100,
	7864,
	4960,
	5436,
	7178,
	4440,
	5450,
	7408,
	4115,
	4846,
	7207,
	5344,
	5801,
	4375,
	4865,
	4715,
	7304,
	5028,
	4286,
	5363,
	5997,
	5688,
	7536,
	5252,
	5726,
	6350,
	5889,
	6573,
	6905,
	5263,
	4465,
	5871,
	5775,
	4590,
	6217,
	4803,
	5417,
	6709,
	5930,
	7587,
	6493,
	4025,
	6773,
	6017,
	6620,
	4064,
	5626,
	7871,
	6658,
	4510,
	5128,
	4870,
	6259,
	5697,
	5031,
	3985,
	4954,
	5384,
	5524,
	6915,
	5098,
	6613,
	7863,
	6335,
	7915,
	4974,
	7483,
	4295,
	5846,
	4653,
	5329,
	7509,
	6387,
	7983,
	5039,
	7169,
	5692,
	4979,
	5898,
	6415,
	5684,
	5191,
	4598,
	4279,
	5605,
	5877,
	7558,
	5634,
	6280,
	4595,
	4308,
	3989,
	7845,
	6941,
	6304,
	6807,
	7680,
	7474,
	5837,
	5468,
	7848,
	4250,
	5440,
	4729,
	7023,
	4764,
	4613,
	4299,
	6213,
	5944,
	4318,
	6365,
	4887,
	7948,
	5485,
	6187,
	6218,
	7214,
	4558,
	6728,
	7940,
	7307,
	5280,
	7517,
	3986,
	5397,
	3953,
	5567,
	5520,
	5660,
	4292,
	3979,
	5023,
	7318,
	7987,
	7389,
	5068,
	5479,
	7184,
	5826,
	6046,
	7892,
	6545,
	7087,
	6461,
	6156,
	6535,
	4796,
	7719,
	5034,
	7001,
	4398,
	7639,
	4304,
	7612,
	7332,
	7736,
	5560,
	6447,
	6835,
	7011,
	6448,
	4477,
	4062,
	5207,
	4142,
	5932,
	7447,
	4761,
	6195,
	5245,
	6162,
	7516,
	5429,
	7722,
	4027,
	5270,
	7208,
	6597,
	6262,
	6786,
	4915,
	6685,
	5047,
	4033,
	7432,
	4513,
	4745,
	4953,
	5311,
	4703,
	5796,
	7535,
	6532,
	3975,
	6032,
	7479,
	4240,
	4770,
	5789,
	5494,
	6374,
	7095,
	7377,
	5696,
	5250,
	5011,
	4114,
	5886,
	5852,
	6414,
	7119,
	6353,
	7672,
	5259,
	6544,
	7979,
	5685,
	7071,
	4215,
	4563,
	6813,
	7847,
	7210,
	4852,
	4605,
	5337,
	4053,
	5872,
	6602,
	6396,
	5206,
	5116,
	6531,
	5127,
	5416,
	7280,
	4989,
	4606,
	4225,
	5331,
	5519,
	6538,
	5928,
	6373,
	4699,
	5042,
	4113,
	5355,
	7724,
	4127,
	5192,
	6705,
	4363,
	6770,
	6389,
	4609,
	5147,
	4991,
	5840,
	4561,
	4959,
	7630,
	6630,
	4078,
	5639,
	5056,
	6760,
	4594,
	4723,
	4470,
	7251,
	7597,
	6934,
	4259,
	5070,
	8014,
	7269,
	6241,
	4649,
	6008,
	6519,
	7901,
	4702,
	4042,
	7009,
	5635,
	7128,
	6639,
	7964,
	4859,
	4472,
	6003,
	5308,
	5906,
	6901,
	4178,
	7870,
	6559,
	4076,
	5208,
	5528,
	7506,
	5514,
	5386,
	5772,
	7008,
	6260,
	5857,
	4057,
	6976,
	5181,
	5185,
	3988,
	5198,
	4582,
	5741,
	5934,
	5316,
	5829,
	5018,
	4885,
	5456,
	6356,
	4107,
	7320,
	4093,
	6094,
	7017,
	6048,
	6636,
	7378,
	7852,
	5017,
	7496,
	7704,
	4330,
	5226,
	4495,
	5534,
	5990,
	5727,
	7096,
	5453,
	4584,
	5792,
	4664,
	5781,
	6342,
	4550,
	7559,
	6724,
	7792,
	5883,
	7182,
	7543,
	4437,
	4559,
	4942,
	4554,
	7198,
	4679,
	6549,
	5811,
	4565,
	6824,
	5385,
	7992,
	5197,
	6072,
	5426,
	6856,
	5169,
	6733,
	7838,
	4148,
	4496,
	5155,
	6763,
	6307,
	7455,
	5156,
	5584,
	7267,
	7984,
	6723,
	4920,
	4785,
	5795,
	5529,
	4164,
	6706,
	7064,
	7510,
	6841,
	7784,
	6277,
	7986,
	7721,
	5183,
	5138,
	5838,
	6648,
	5739,
	4243,
	7566,
	6839,
	4400,
	7525,
	7624,
	6401,
	4171,
	4474,
	7199,
	5406,
	5244,
	5644,
	4061,
	4368,
	6596,
	4110,
	4938,
	6831,
	4349,
	3980,
	4030,
	5071,
	4551,
	4263,
	7113,
	4576,
	5628,
	7454,
	4032,
	5991,
	4534,
	5591,
	4371,
	4604,
	7167,
	6758,
	7414,
	5158,
	4963,
	6819,
	6204,
	5861,
	5112,
	5522,
	4502,
	5899,
	6489,
	4766,
	7149,
	5203,
	7600,
	4587,
	7687,
	4311,
	4895,
	6734,
	4933,
	4406,
	4235,
	7313,
	4951,
	7834,
	5142,
	4329,
	5304,
	7958,
	4621,
	6477,
	5564,
	7144,
	4143,
	4123,
	4574,
	5209,
	5290,
	5377,
	6634,
	7533,
	7826,
	6501,
	7099,
	5737,
	4748,
	4897,
	7497,
	6254,
	7828,
	6959,
	4468,
	5817,
	7649,
	6201,
	4848,
	6814,
	4487,
	5864,
	7343,
	5315,
	7080,
	5062,
	7411,
	6229,
	7874,
	5648,
	7230,
	4529,
	4310,
	7567,
	5670,
	5293,
	4877,
	7396,
	7314,
	5921,
	7762,
	7527,
	7730,
	7116,
	6995,
	4835,
	4806,
	6467,
	6624,
	4294,
	5845,
	5469,
	4659,
	7147,
	7621,
	4205,
	5126,
	7260,
	5332,
	7873,
	5716,
	6999,
	4433,
	4779,
	6611,
	4635,
	5655,
	4326,
	3991,
	4483,
	5544,
	5925,
	6203,
	6215,
	7795,
	7464,
	7766,
	7242,
	5757,
	6025,
	5622,
	6916,
	5745,
	5371,
	6645,
	5588,
	4006,
	4691,
	5798,
	5423,
	5914,
	4153,
	7589,
	8005,
	5527,
	7608,
	6753,
	4694,
	5957,
	4642,
	6382,
	7106,
	3967,
	5818,
	6906,
	4714,
	4085,
	6154,
	5749,
	5424,
	6558,
	5545,
	4847,
	7822,
	6433,
	6818,
	5383,
	4098,
	6927,
	6315,
	7337,
	7664,
	5753,
	6060,
	6148,
	5982,
	6601,
	6937,
	5194,
	5962,
	6715,
	7115,
	6160,
	5345,
	5225,
	5177,
	5407,
	6207,
	5521,
	7731,
	7990,
	5671,
	8007,
	5758,
	5828,
	5483,
	5954,
	6981,
	5976,
	6410,
	6874,
	6267,
	6308,
	4992,
	4497,
	6570,
	5508,
	7093,
	7796,
	7703,
	6826,
	5010,
	7682,
	7334,
	4716,
	6882,
	6359,
	5115,
	4641,
	6062,
	5463,
	4588,
	4677,
	5940,
	7495,
	7652,
	5878,
	5220,
	7761,
	6527,
	6006,
	6642,
	6740,
	5965,
	4094,
	5937,
	6053,
	7588,
	6965,
	6473,
	6540,
	7078,
	7908,
	7713,
	4444,
	5614,
	8009,
	4066,
	7752,
	7057,
	5695,
	6406,
	5279,
	7602,
	4681,
	5336,
	7429,
	7855,
	4922,
	7930,
	6099,
	5077,
	5904,
	5832,
	7428,
	5030,
	4754,
	4385,
	6127,
	7333,
	7257,
	6984,
	4878,
	7578,
	7977,
	7521,
	3958,
	4301,
	4648,
	5236,
	7945,
	4430,
	6269,
	6141,
	4958,
	6485,
	7275,
	6085,
	4682,
	7661,
	7740,
	5139,
	7935,
	4438,
	4237,
	4050,
	7669,
	4645,
	7030,
	7079,
	4067,
	7487,
	4719,
	4817,
	6767,
	7925,
	7748,
	5853,
	7707,
	6228,
	7723,
	5911,
	4622,
	5933,
	4879,
	5295,
	6504,
	7985,
	6290,
	4555,
	6033,
	3954,
	7234,
	4380,
	7586,
	7887,
	7644,
	7330,
	7380,
	6575,
	6305,
	6681,
	4913,
	3964,
	7002,
	7158,
	6199,
	6677,
	4759,
	7933,
	7244,
	4393,
	5495,
	5061,
	6364,
	6673,
	7878,
	5896,
	7807,
	4990,
	4407,
	6935,
	5779,
	4233,
	5654,
	4532,
	6832,
	5067,
	4356,
	6453,
	5339,
	6680,
	4298,
	6303,
	5750,
	7982,
	4276,
	5698,
	7924,
	6569,
	4374,
	4514,
	5643,
	6013,
	4713,
	7920,
	7957,
	6095,
	4560,
	5585,
	6610,
	5773,
	4106,
	6782,
	6494,
	5389,
	5555,
	5205,
	5619,
	3972,
	6424,
	5410,
	5352,
	7117,
	4305,
	4834,
	7137,
	7231,
	5341,
	6211,
	7889,
	7756,
	5907,
	6907,
	6202,
	7775,
	5537,
	6105,
	4188,
	4615,
	4381,
	7185,
	5535,
	4967,
	5457,
	5096,
	7176,
	7500,
	5699,
	6845,
	6691,
	4733,
	5678,
	7619,
	5327,
	6252,
	6151,
	5579,
	5858,
	7989,
	5391,
	6052,
	6840,
	6618,
	7133,
	5261,
	4236,
	6233,
	4592,
	7232,
	5294,
	4814,
	6543,
	6422,
	5324,
	7679,
	4934,
	4721,
	7145,
	4521,
	7879,
	5607,
	3969,
	4725,
	5802,
	5583,
	4009,
	5081,
	7362,
	7593,
	7270,
	4697,
	7360,
	7475,
	7944,
	4947,
	6866,
	7869,
	4611,
	5821,
	5215,
	7157,
	6936,
	7036,
	6998,
	4812,
	4718,
	7584,
	5774,
	5396,
	6281,
	7702,
	7161,
	5175,
	7861,
	6572,
	6441,
	4867,
	7114,
	6574,
	8017,
	3951,
	4968,
	4542,
	5381,
	5805,
	3997,
	5890,
	7393,
	6555,
	7513,
	5875,
	4930,
	4328,
	7962,
	4038,
	4882,
	7402,
	4312,
	5286,
	7770,
	7065,
	7960,
	7042,
	5049,
	4079,
	5814,
	4840,
	5432,
	7539,
	7557,
	6675,
	7665,
	7190,
	5862,
	5909,
	7478,
	5839,
	4035,
	6113,
	6918,
	6899,
	5015,
	4207,
	6537,
	5319,
	5082,
	6890,
	4488,
	6462,
	5960,
	4419,
	4539,
	7401,
	4273,
	4452,
	6444,
	5427,
	4792,
	7997,
	6994,
	6908,
	5632,
	7799,
	7188,
	4853,
	4126,
	4619,
	5447,
	5120,
	4395,
	7781,
	5258,
	6214,
	6205,
	6694,
	4466,
	4475,
	6671,
	4170,
	7912,
	6459,
	5587,
	5669,
	7995,
	5050,
	4165,
	4213,
	5393,
	4315,
	7110,
	4262,
	7477,
	7690,
	7368,
	7043,
	5496,
	7024,
	6069,
	7470,
	6714,
	6380,
	4825,
	7833,
	5510,
	7091,
	6697,
	7546,
	6755,
	7754,
	7956,
	4831,
	4248,
	5131,
	7175,
	6412,
	5552,
	4600,
	7100,
	5310,
	5230,
	7485,
	6221,
	7837,
	7168,
	5780,
	6503,
	5216,
	4390,
	4183,
	6413,
	5451,
	7437,
	7029,
	4978,
	5979,
	5788,
	5668,
	4799,
	6778,
	6476,
	7773,
	6635,
	6609,
	7016,
	6894,
	5850,
	4485,
	5255,
	4004,
	5213,
	5803,
	6296,
	6853,
	4857,
	3993,
	4965,
	6153,
	7278,
	7472,
	6664,
	5746,
	4420,
	4231,
	6711,
	7391,
	5714,
	7073,
	4384,
	6828,
	6231,
	6047,
	6672,
	6321,
	5867,
	5637,
	4929,
	7993,
	4666,
	5967,
	4819,
	6534,
	5791,
	6986,
	6850,
	4603,
	6411,
	6408,
	5122,
	5868,
	6836,
	5365,
	5771,
	5611,
	5897,
	7220,
	4573,
	6586,
	7356,
	6438,
	6877,
	6647,
	5300,
	5366,
	7438,
	4809,
	7216,
	4152,
	6926,
	4833,
	6381,
	7201,
	5686,
	5204,
	4735,
	7647,
	4937,
	6249,
	6550,
	6564,
	7258,
	6946,
	4932,
	4377,
	5130,
	7814,
	6716,
	5467,
	7629,
	7406,
	6456,
	4775,
	5942,
	7676,
	6362,
	7528,
	7599,
	6344,
	4903,
	4982,
	7926,
	6139,
	7899,
	6191,
	5860,
	5881,
	4987,
	4873,
	6809,
	4389,
	5690,
	5430,
	4765,
	5260,
	7179,
	4620,
	5568,
	5040,
	4781,
	6407,
	6665,
	4041,
	7441,
	6928,
	6726,
	7728,
	4052,
	4545,
	7376,
	4707,
	6232,
	4404,
	7914,
	5819,
	4323,
	5964,
	7515,
	7640,
	4778,
	6663,
	4793,
	4763,
	5063,
	4369,
	7502,
	6107,
	4036,
	6432,
	5870,
	7488,
	4108,
	5662,
	6861,
	6455,
	4340,
	4741,
	6876,
	6509,
	6804,
	4287,
	6646,
	7885,
	5650,
	6371,
	7708,
	7782,
	4769,
	5523,
	6391,
	6517,
	7076,
	6605,
	6552,
	4688,
	6953,
	7348,
	6796,
	5917,
	6553,
	4747,
	4156,
	7522,
	6997,
	7122,
	7399,
	4749,
	7637,
	6954,
	6925,
	5163,
	5834,
	4788,
	5165,
	5007,
	4815,
	5402,
	4855,
	3947,
	4524,
	7050,
	4889,
	6481,
	5125,
	6692,
	4768,
	4986,
	7569,
	7256,
	5719,
	5582,
	7645,
	4408,
	6409,
	5132,
	4134,
	7514,
	5066,
	4376,
	6497,
	4080,
	4956,
	7824,
	7693,
	5222,
	5553,
	7823,
	6299,
	6865,
	7367,
	6076,
	5975,
	4239,
	5673,
	5036,
	5199,
	7279,
	5326,
	4912,
	4984,
	6491,
	7772,
	5903,
	5532,
	5364,
	5254,
	5064,
	6452,
	5569,
	4423,
	5059,
	5288,
	7025,
	5880,
	6524,
	4687,
	7627,
	5306,
	6248,
	4676,
	6823,
	7035,
	7841,
	4446,
	4448,
	6263,
	6632,
	5190,
	5246,
	5813,
	5242,
	6134,
	7166,
	4413,
	6854,
	6820,
	5794,
	6825,
	7442,
	6922,
	4997,
	5480,
	4537,
	5247,
	6328,
	4202,
	5664,
	6347,
	7786,
	7034,
	5645,
	4886,
	4040,
	7904,
	4827,
	5321,
	7349,
	5102,
	4184,
	7194,
	7758,
	6484,
	7768,
	6701,
	6598,
	4264,
	7012,
	7379,
	6007,
	5272,
	4722,
	7946,
	4092,
	7295,
	7062,
	4728,
	7753,
	4022,
	4309,
	-1,
	88,
	79,
	11,
	5,
	83,
	121,
	51,
	68,
	25,
	65,
	76,
	46,
	85,
	53,
	22,
	19,
	56,
	67,
	70,
	0,
	1,
	75,
	2,
	9,
	9,
	44,
	30,
	80,
	71,
	29,
	24,
	69,
	59,
	89,
	25,
	39,
	79,
	204,
	44,
	63,
	112,
	8,
	65,
	18,
	7,
	89,
	92,
	61,
	42,
	21,
	91,
	13,
	48,
	9,
	20,
	85,
	32,
	11,
	102,
	3,
	158,
	55,
	85,
	69,
	18,
	48,
	59,
	20,
	69,
	16,
	25,
	59,
	88,
	85,
	91,
	89,
	1,
	83,
	78,
	38,
	0,
	89,
	14,
	66,
	6,
	91,
	6,
	28,
	28,
	68,
	102,
	171,
	91,
	38,
	17,
	17,
	115,
	54,
	76,
	77,
	107,
	87,
	88,
	71,
	87,
	65,
	70,
	26,
	125,
	26,
	87,
	8,
	115,
	85,
	44,
	65,
	38,
	1,
	42,
	32,
	93,
	159,
	13,
	15,
	26,
	26,
	50,
	52,
	58,
	94,
	60,
	33,
	87,
	115,
	79,
	107,
	7,
	4,
	30,
	91,
	67,
	5,
	83,
	68,
	32,
	0,
	89,
	86,
	20,
	1,
	91,
	25,
	17,
	64,
	81,
	43,
	79,
	27,
	65,
	26,
	53,
	79,
	27,
	64,
	59,
	65,
	0,
	32,
	85,
	65,
	28,
	0,
	107,
	18,
	177,
	140,
	51,
	32,
	52,
	41,
	10,
	94,
	62,
	65,
	20,
	44,
	27,
	58,
	80,
	22,
	151,
	67,
	205,
	9,
	87,
	30,
	48,
	81,
	35,
	2,
	65,
	75,
	93,
	89,
	30,
	85,
	71,
	65,
	76,
	76,
	62,
	64,
	107,
	6,
	14,
	51,
	12,
	63,
	14,
	42,
	20,
	85,
	85,
	49,
	38,
	18,
	30,
	76,
	86,
	85,
	79,
	81,
	29,
	8,
	25,
	53,
	31,
	3,
	81,
	22,
	48,
	87,
	49,
	46,
	103,
	45,
	28,
	80,
	34,
	15,
	27,
	101,
	85,
	20,
	9,
	48,
	38,
	79,
	107,
	79,
	62,
	85,
	39,
	57,
	7,
	82,
	24,
	20,
	65,
	39,
	85,
	29,
	62,
	76,
	59,
	76,
	31,
	12,
	85,
	26,
	30,
	16,
	38,
	19,
	30,
	50,
	8,
	0,
	71,
	60,
	4,
	12,
	76,
	64,
	89,
	3,
	10,
	0,
	81,
	79,
	6,
	65,
	113,
	81,
	94,
	48,
	89,
	104,
	2,
	76,
	154,
	27,
	85,
	39,
	4,
	0,
	127,
	65,
	20,
	77,
	84,
	6,
	227,
	20,
	13,
	20,
	37,
	84,
	83,
	13,
	19,
	6,
	32,
	27,
	85,
	83,
	12,
	20,
	176,
	55,
	5,
	27,
	85,
	92,
	20,
	56,
	70,
	87,
	24,
	62,
	103,
	9,
	20,
	16,
	57,
	51,
	55,
	57,
	84,
	76,
	117,
	85,
	80,
	2,
	117,
	52,
	48,
	247,
	0,
	65,
	28,
	10,
	21,
	78,
	81,
	26,
	86,
	65,
	122,
	13,
	13,
	87,
	85,
	66,
	44,
	83,
	60,
	12,
	100,
	187,
	117,
	55,
	35,
	79,
	4,
	20,
	56,
	24,
	34,
	89,
	65,
	87,
	24,
	26,
	7,
	91,
	85,
	81,
	88,
	81,
	57,
	10,
	22,
	176,
	64,
	72,
	18,
	86,
	6,
	53,
	25,
	46,
	79,
	127,
	102,
	62,
	84,
	127,
	16,
	73,
	29,
	38,
	141,
	6,
	25,
	73,
	84,
	17,
	26,
	2,
	6,
	65,
	28,
	115,
	11,
	74,
	56,
	91,
	47,
	35,
	15,
	44,
	7,
	18,
	85,
	30,
	91,
	13,
	254,
	78,
	37,
	20,
	80,
	32,
	107,
	29,
	50,
	77,
	66,
	95,
	177,
	20,
	47,
	83,
	1,
	79,
	1,
	57,
	62,
	96,
	76,
	0,
	42,
	24,
	64,
	85,
	65,
	65,
	4,
	26,
	85,
	39,
	26,
	70,
	89,
	87,
	37,
	18,
	79,
	38,
	87,
	33,
	0,
	12,
	31,
	33,
	227,
	101,
	48,
	22,
	57,
	58,
	42,
	18,
	76,
	75,
	68,
	85,
	86,
	48,
	14,
	70,
	0,
	44,
	53,
	81,
	212,
	50,
	36,
	22,
	127,
	38,
	12,
	90,
	4,
	85,
	0,
	81,
	42,
	31,
	21,
	1,
	81,
	4,
	65,
	28,
	68,
	31,
	40,
	90,
	83,
	26,
	71,
	69,
	45,
	85,
	26,
	28,
	121,
	48,
	62,
	76,
	92,
	64,
	13,
	62,
	87,
	4,
	30,
	10,
	65,
	89,
	46,
	6,
	28,
	121,
	67,
	89,
	25,
	13,
	92,
	36,
	0,
	83,
	16,
	66,
	28,
	16,
	51,
	108,
	20,
	13,
	38,
	28,
	89,
	101,
	18,
	28,
	20,
	45,
	3,
	48,
	18,
	69,
	69,
	85,
	68,
	6,
	68,
	18,
	38,
	85,
	76,
	15,
	58,
	249,
	83,
	22,
	30,
	20,
	89,
	76,
	33,
	25,
	11,
	66,
	3,
	51,
	44,
	20,
	24,
	24,
	21,
	79,
	66,
	56,
	16,
	32,
	73,
	1,
	28,
	68,
	18,
	89,
	8,
	85,
	81,
	44,
	67,
	81,
	79,
	62,
	34,
	5,
	20,
	6,
	79,
	28,
	16,
	76,
	4,
	79,
	43,
	41,
	26,
	53,
	59,
	9,
	14,
	59,
	24,
	42,
	58,
	29,
	79,
	25,
	31,
	77,
	27,
	51,
	85,
	93,
	65,
	8,
	73,
	11,
	6,
	21,
	79,
	65,
	18,
	43,
	45,
	18,
	70,
	89,
	24,
	28,
	3,
	1,
	26,
	64,
	6,
	10,
	85,
	11,
	6,
	68,
	11,
	4,
	81,
	28,
	28,
	14,
	93,
	221,
	79,
	120,
	46,
	14,
	88,
	16,
	2,
	7,
	76,
	105,
	69,
	31,
	60,
	88,
	95,
	28,
	10,
	68,
	43,
	83,
	127,
	9,
	1,
	71,
	13,
	76,
	57,
	86,
	20,
	77,
	49,
	13,
	22,
	7,
	91,
	89,
	24,
	58,
	9,
	87,
	1,
	85,
	4,
	48,
	35,
	236,
	6,
	89,
	57,
	34,
	101,
	83,
	7,
	0,
	103,
	72,
	29,
	147,
	62,
	71,
	123,
	7,
	66,
	20,
	10,
	22,
	29,
	65,
	14,
	20,
	20,
	67,
	1,
	16,
	57,
	94,
	32,
	69,
	71,
	0,
	87,
	91,
	10,
	13,
	85,
	30,
	26,
	87,
	92,
	76,
	16,
	6,
	11,
	25,
	27,
	21,
	30,
	59,
	11,
	76,
	91,
	4,
	4,
	30,
	64,
	64,
	10,
	87,
	89,
	253,
	5,
	50,
	4,
	61,
	27,
	21,
	86,
	52,
	92,
	115,
	0,
	20,
	79,
	232,
	87,
	24,
	114,
	89,
	6,
	44,
	14,
	28,
	76,
	34,
	10,
	0,
	9,
	124,
	68,
	24,
	90,
	72,
	75,
	76,
	237,
	36,
	115,
	85,
	21,
	87,
	25,
	36,
	56,
	100,
	115,
	89,
	9,
	112,
	76,
	89,
	72,
	9,
	5,
	16,
	2,
	230,
	83,
	112,
	92,
	39,
	6,
	42,
	92,
	77,
	0,
	89,
	49,
	85,
	33,
	109,
	41,
	88,
	34,
	6,
	70,
	25,
	80,
	18,
	88,
	0,
	89,
	42,
	14,
	29,
	0,
	216,
	70,
	69,
	89,
	93,
	0,
	85,
	13,
	33,
	20,
	92,
	48,
	6,
	136,
	17,
	16,
	23,
	59,
	24,
	22,
	42,
	93,
	85,
	8,
	227,
	30,
	24,
	57,
	36,
	68,
	58,
	72,
	56,
	7,
	6,
	71,
	57,
	21,
	122,
	65,
	57,
	29,
	69,
	10,
	31,
	8,
	42,
	28,
	93,
	79,
	15,
	12,
	11,
	70,
	1,
	93,
	20,
	127,
	46,
	4,
	85,
	18,
	18,
	56,
	19,
	16,
	4,
	76,
	78,
	64,
	25,
	103,
	68,
	12,
	27,
	93,
	47,
	115,
	92,
	92,
	85,
	37,
	44,
	125,
	18,
	118,
	70,
	85,
	14,
	8,
	25,
	0,
	127,
	4,
	117,
	17,
	60,
	85,
	79,
	90,
	68,
	47,
	21,
	115,
	37,
	18,
	127,
	24,
	45,
	21,
	28,
	18,
	59,
	4,
	52,
	38,
	65,
	18,
	127,
	40,
	28,
	37,
	15,
	88,
	82,
	83,
	4,
	10,
	17,
	98,
	29,
	127,
	39,
	50,
	107,
	13,
	48,
	16,
	88,
	48,
	18,
	34,
	28,
	59,
	35,
	22,
	91,
	109,
	61,
	12,
	0,
	90,
	87,
	96,
	71,
	89,
	73,
	4,
	28,
	89,
	41,
	89,
	0,
	9,
	7,
	89,
	45,
	10,
	154,
	13,
	92,
	85,
	18,
	59,
	25,
	28,
	36,
	8,
	58,
	91,
	51,
	30,
	9,
	6,
	39,
	85,
	71,
	83,
	51,
	85,
	3,
	33,
	67,
	65,
	135,
	15,
	36,
	85,
	34,
	20,
	30,
	85,
	6,
	49,
	9,
	21,
	0,
	1,
	48,
	13,
	88,
	178,
	65,
	68,
	79,
	10,
	85,
	115,
	1,
	10,
	87,
	10,
	38,
	77,
	28,
	55,
	30,
	85,
	20,
	89,
	58,
	76,
	89,
	83,
	92,
	3,
	57,
	79,
	91,
	65,
	53,
	35,
	6,
	65,
	87,
	18,
	125,
	29,
	85,
	34,
	15,
	91,
	60,
	1,
	92,
	93,
	107,
	4,
	25,
	114,
	8,
	81,
	85,
	239,
	91,
	72,
	11,
	68,
	25,
	71,
	85,
	13,
	8,
	25,
	39,
	35,
	85,
	24,
	68,
	8,
	19,
	16,
	13,
	85,
	67,
	76,
	48,
	24,
	79,
	42,
	67,
	92,
	53,
	107,
	46,
	11,
	89,
	78,
	1,
	127,
	1,
	20,
	88,
	89,
	71,
	3,
	28,
	29,
	16,
	65,
	106,
	7,
	48,
	6,
	9,
	32,
	59,
	19,
	41,
	71,
	20,
	81,
	85,
	20,
	8,
	76,
	0,
	30,
	115,
	6,
	28,
	92,
	52,
	60,
	6,
	94,
	27,
	89,
	85,
	12,
	91,
	29,
	91,
	32,
	52,
	16,
	6,
	59,
	25,
	20,
	77,
	45,
	11,
	102,
	26,
	14,
	91,
	26,
	81,
	86,
	79,
	76,
	93,
	107,
	27,
	83,
	42,
	10,
	38,
	60,
	11,
	53,
	20,
	13,
	19,
	85,
	60,
	79,
	85,
	148,
	89,
	97,
	22,
	22,
	45,
	18,
	36,
	21,
	102,
	63,
	62,
	42,
	79,
	102,
	19,
	87,
	62,
	85,
	16,
	68,
	46,
	56,
	28,
	122,
	70,
	91,
	23,
	45,
	29,
	26,
	2,
	2,
	1,
	65,
	6,
	83,
	14,
	10,
	7,
	84,
	91,
	54,
	96,
	93,
	34,
	51,
	89,
	101,
	34,
	88,
	33,
	80,
	123,
	28,
	73,
	93,
	39,
	67,
	89,
	58,
	89,
	63,
	0,
	45,
	67,
	94,
	11,
	72,
	127,
	225,
	76,
	63,
	21,
	5,
	77,
	22,
	29,
	70,
	113,
	18,
	2,
	29,
	20,
	22,
	84,
	52,
	39,
	91,
	13,
	39,
	20,
	9,
	14,
	6,
	44,
	93,
	90,
	42,
	43,
	0,
	42,
	29,
	81,
	85,
	49,
	90,
	87,
	81,
	95,
	85,
	9,
	11,
	11,
	109,
	65,
	83,
	141,
	90,
	6,
	100,
	78,
	25,
	13,
	28,
	0,
	26,
	76,
	13,
	4,
	107,
	127,
	46,
	232,
	49,
	79,
	29,
	85,
	94,
	79,
	56,
	88,
	183,
	29,
	18,
	6,
	25,
	48,
	9,
	26,
	20,
	91,
	45,
	28,
	79,
	11,
	91,
	40,
	6,
	66,
	48,
	54,
	101,
	70,
	109,
	26,
	32,
	35,
	83,
	42,
	18,
	2,
	9,
	92,
	36,
	87,
	13,
	89,
	71,
	81,
	70,
	85,
	85,
	79,
	26,
	38,
	16,
	0,
	45,
	23,
	123,
	7,
	28,
	25,
	107,
	76,
	59,
	91,
	54,
	71,
	88,
	20,
	8,
	24,
	45,
	17,
	68,
	39,
	127,
	17,
	62,
	62,
	85,
	127,
	5,
	42,
	61,
	87,
	85,
	35,
	28,
	85,
	0,
	102,
	70,
	20,
	77,
	87,
	64,
	6,
	79,
	91,
	0,
	92,
	85,
	10,
	8,
	85,
	85,
	94,
	65,
	22,
	10,
	54,
	81,
	20,
	42,
	37,
	83,
	62,
	41,
	86,
	71,
	124,
	71,
	7,
	88,
	91,
	44,
	66,
	65,
	81,
	16,
	62,
	52,
	63,
	7,
	30,
	153,
	70,
	34,
	65,
	27,
	1,
	65,
	16,
	76,
	81,
	64,
	84,
	102,
	46,
	83,
	45,
	91,
	102,
	20,
	62,
	11,
	113,
	28,
	87,
	32,
	24,
	68,
	12,
	5,
	115,
	7,
	84,
	6,
	79,
	89,
	79,
	0,
	25,
	54,
	90,
	0,
	30,
	20,
	66,
	10,
	29,
	51,
	7,
	5,
	57,
	123,
	76,
	95,
	26,
	11,
	24,
	101,
	60,
	13,
	32,
	14,
	99,
	51,
	0,
	24,
	117,
	8,
	58,
	33,
	68,
	65,
	62,
	8,
	18,
	45,
	85,
	29,
	85,
	20,
	91,
	87,
	54,
	39,
	41,
	13,
	7,
	21,
	78,
	35,
	115,
	30,
	101,
	58,
	65,
	18,
	102,
	24,
	123,
	45,
	24,
	45,
	51,
	24,
	72,
	25,
	7,
	28,
	18,
	31,
	79,
	80,
	64,
	28,
	22,
	45,
	80,
	53,
	88,
	10,
	55,
	49,
	72,
	1,
	30,
	42,
	84,
	14,
	57,
	66,
	20,
	0,
	6,
	4,
	45,
	58,
	25,
	27,
	83,
	90,
	101,
	58,
	26,
	42,
	115,
	65,
	86,
	89,
	91,
	56,
	18,
	62,
	6,
	43,
	11,
	59,
	123,
	3,
	85,
	11,
	41,
	109,
	67,
	19,
	7,
	38,
	21,
	62,
	102,
	25,
	102,
	0,
	52,
	11,
	54,
	88,
	18,
	115,
	64,
	16,
	107,
	102,
	1,
	20,
	14,
	0,
	14,
	7,
	38,
	75,
	25,
	51,
	18,
	87,
	28,
	63,
	18,
	94,
	25,
	19,
	17,
	39,
	79,
	85,
	32,
	134,
	61,
	56,
	26,
	85,
	7,
	81,
	8,
	0,
	12,
	102,
	8,
	26,
	25,
	10,
	15,
	6,
	28,
	48,
	34,
	41,
	88,
	79,
	16,
	25,
	10,
	69,
	65,
	83,
	11,
	10,
	65,
	44,
	27,
	9,
	79,
	38,
	107,
	17,
	102,
	22,
	20,
	58,
	102,
	127,
	48,
	130,
	22,
	115,
	58,
	90,
	66,
	85,
	6,
	11,
	62,
	32,
	90,
	76,
	65,
	65,
	13,
	57,
	76,
	6,
	84,
	64,
	117,
	85,
	65,
	115,
	20,
	85,
	36,
	20,
	29,
	88,
	3,
	24,
	44,
	4,
	25,
	72,
	32,
	67,
	54,
	96,
	32,
	115,
	21,
	16,
	254,
	28,
	25,
	27,
	1,
	11,
	115,
	70,
	16,
	26,
	85,
	20,
	55,
	89,
	69,
	25,
	76,
	43,
	16,
	8,
	16,
	21,
	56,
	21,
	32,
	74,
	89,
	89,
	34,
	38,
	146,
	65,
	89,
	4,
	70,
	6,
	202,
	11,
	0,
	24,
	37,
	61,
	69,
	66,
	59,
	17,
	3,
	16,
	118,
	16,
	85,
	81,
	48,
	16,
	101,
	115,
	127,
	89,
	123,
	81,
	28,
	95,
	1,
	52,
	71,
	1,
	65,
	7,
	18,
	65,
	20,
	7,
	43,
	113,
	88,
	1,
	44,
	57,
	72,
	90,
	9,
	18,
	52,
	5,
	76,
	6,
	63,
	9,
	81,
	66,
	21,
	56,
	84,
	59,
	94,
	96,
	34,
	31,
	50,
	65,
	71,
	89,
	73,
	45,
	10,
	76,
	66,
	6,
	78,
	65,
	91,
	46,
	11,
	6,
	19,
	127,
	133,
	29,
	5,
	113,
	75,
	33,
	24,
	60,
	44,
	89,
	65,
	58,
	28,
	41,
	0,
	83,
	8,
	0,
	49,
	119,
	127,
	67,
	85,
	80,
	76,
	89,
	20,
	85,
	27,
	81,
	26,
	8,
	24,
	20,
	19,
	61,
	1,
	71,
	34,
	203,
	72,
	81,
	17,
	5,
	22,
	42,
	39,
	58,
	11,
	74,
	127,
	1,
	41,
	10,
	53,
	26,
	117,
	26,
	16,
	127,
	61,
	81,
	48,
	91,
	27,
	65,
	79,
	35,
	18,
	70,
	65,
	94,
	18,
	28,
	55,
	11,
	91,
	17,
	251,
	80,
	79,
	24,
	58,
	15,
	91,
	26,
	25,
	77,
	93,
	39,
	64,
	26,
	9,
	14,
	65,
	70,
	123,
	29,
	15,
	14,
	6,
	77,
	79,
	64,
	81,
	37,
	20,
	65,
	18,
	66,
	66,
	85,
	18,
	16,
	13,
	3,
	87,
	90,
	0,
	42,
	34,
	67,
	27,
	61,
	46,
	69,
	32,
	16,
	81,
	18,
	76,
	28,
	0,
	92,
	13,
	210,
	51,
	93,
	6,
	34,
	107,
	4,
	69,
	162,
	11,
	12,
	81,
	62,
	4,
	11,
	7,
	2,
	46,
	13,
	21,
	69,
	2,
	59,
	31,
	56,
	102,
	4,
	33,
	88,
	79,
	48,
	6,
	44,
	20,
	6,
	59,
	1,
	54,
	121,
	148,
	7,
	44,
	51,
	9,
	0,
	107,
	28,
	50,
	88,
	25,
	92,
	0,
	76,
	76,
	83,
	73,
	76,
	26,
	95,
	92,
	16,
	45,
	6,
	76,
	102,
	29,
	79,
	4,
	75,
	21,
	46,
	23,
	34,
	84,
	55,
	89,
	42,
	67,
	7,
	41,
	9,
	53,
	69,
	57,
	34,
	13,
	76,
	19,
	8,
	79,
	66,
	88,
	11,
	3,
	2,
	85,
	1,
	18,
	32,
	27,
	55,
	53,
	27,
	65,
	70,
	38,
	91,
	80,
	102,
	6,
	36,
	102,
	73,
	10,
	89,
	9,
	102,
	22,
	30,
	81,
	13,
	23,
	32,
	0,
	208,
	89,
	28,
	24,
	77,
	33,
	85,
	85,
	87,
	102,
	8,
	18,
	12,
	83,
	56,
	36,
	66,
	16,
	26,
	92,
	16,
	3,
	127,
	16,
	77,
	33,
	6,
	24,
	34,
	72,
	51,
	66,
	11,
	79,
	39,
	142,
	50,
	101,
	89,
	79,
	20,
	33,
	68,
	91,
	20,
	29,
	14,
	86,
	42,
	18,
	27,
	76,
	1,
	93,
	5,
	89,
	28,
	0,
	56,
	13,
	127,
	46,
	227,
	85,
	22,
	91,
	65,
	31,
	10,
	3,
	20,
	22,
	13,
	65,
	107,
	234,
	1,
	76,
	65,
	0,
	119,
	67,
	44,
	93,
	83,
	71,
	56,
	75,
	76,
	31,
	4,
	20,
	45,
	18,
	89,
	33,
	11,
	89,
	40,
	1,
	68,
	28,
	56,
	91,
	4,
	73,
	52,
	87,
	6,
	85,
	66,
	171,
	20,
	46,
	10,
	86,
	103,
	93,
	86,
	28,
	85,
	76,
	0,
	59,
	28,
	22,
	20,
	56,
	6,
	62,
	12,
	97,
	69,
	92,
	68,
	85,
	67,
	80,
	59,
	93,
	71,
	87,
	57,
	10,
	67,
	81,
	3,
	234,
	11,
	33,
	76,
	85,
	50,
	61,
	38,
	87,
	247,
	9,
	89,
	18,
	56,
	26,
	81,
	84,
	15,
	8,
	76,
	79,
	13,
	85,
	51,
	81,
	85,
	18,
	19,
	91,
	76,
	79,
	45,
	0,
	65,
	52,
	3,
	4,
	23,
	28,
	112,
	0,
	81,
	113,
	7,
	29,
	85,
	85,
	18,
	122,
	21,
	87,
	16,
	67,
	117,
	72,
	24,
	79,
	30,
	28,
	79,
	40,
	72,
	1,
	251,
	87,
	65,
	59,
	26,
	88,
	13,
	65,
	102,
	17,
	89,
	6,
	13,
	16,
	62,
	58,
	42,
	89,
	78,
	214,
	188,
	36,
	65,
	11,
	89,
	46,
	18,
	63,
	7,
	51,
	47,
	6,
	57,
	71,
	53,
	40,
	43,
	89,
	77,
	68,
	100,
	29,
	13,
	28,
	59,
	68,
	85,
	107,
	10,
	85,
	85,
	16,
	88,
	71,
	7,
	85,
	34,
	42,
	86,
	65,
	38,
	40,
	89,
	69,
	60,
	45,
	29,
	70,
	24,
	79,
	18,
	0,
	78,
	56,
	54,
	62,
	42,
	73,
	24,
	122,
	29,
	76,
	88,
	142,
	119,
	89,
	85,
	71,
	12,
	76,
	85,
	21,
	96,
	92,
	64,
	87,
	76,
	79,
	97,
	65,
	69,
	114,
	23,
	15,
	83,
	22,
	80,
	230,
	91,
	85,
	76,
	89,
	29,
	76,
	16,
	9,
	85,
	107,
	6,
	5,
	3,
	38,
	69,
	19,
	27,
	18,
	113,
	65,
	11,
	23,
	115,
	67,
	71,
	10,
	20,
	66,
	78,
	1,
	72,
	85,
	28,
	77,
	84,
	127,
	246,
	10,
	21,
	21,
	84,
	93,
	50,
	6,
	9,
	87,
	16,
	91,
	20,
	1,
	113,
	59,
	6,
	11,
	24,
	4,
	10,
	81,
	59,
	127,
	101,
	20,
	24,
	83,
	9,
	16,
	79,
	56,
	29,
	8,
	8,
	23,
	47,
	73,
	90,
	76,
	69,
	30,
	42,
	89,
	77,
	6,
	85,
	26,
	76,
	93,
	28,
	82,
	3,
	66,
	81,
	27,
	89,
	88,
	14,
	16,
	20,
	91,
	93,
	81,
	85,
	6,
	85,
	57,
	28,
	12,
	55,
	6,
	71,
	10,
	76,
	16,
	70,
	0,
	85,
	44,
	79,
	13,
	0,
	13,
	32,
	128,
	12,
	65,
	79,
	39,
	18,
	91,
	11,
	102,
	127,
	76,
	97,
	77,
	70,
	10,
	18,
	56,
	13,
	58,
	85,
	59,
	29,
	6,
	34,
	54,
	23,
	13,
	44,
	83,
	16,
	72,
	20,
	6,
	30,
	88,
	52,
	102,
	4,
	0,
	83,
	97,
	50,
	79,
	91,
	87,
	78,
	79,
	2,
	76,
	33,
	92,
	64,
	89,
	131,
	6,
	42,
	32,
	20,
	1,
	38,
	6,
	0,
	101,
	20,
	29,
	97,
	39,
	74,
	65,
	77,
	85,
	76,
	85,
	50,
	69,
	47,
	9,
	53,
	65,
	79,
	62,
	93,
	26,
	87,
	89,
	79,
	70,
	91,
	1,
	87,
	89,
	68,
	48,
	20,
	93,
	88,
	9,
	65,
	19,
	26,
	30,
	13,
	28,
	42,
	56,
	51,
	71,
	90,
	3,
	11,
	85,
	24,
	102,
	7,
	11,
	68,
	76,
	92,
	13,
	73,
	3,
	9,
	79,
	28,
	48,
	102,
	6,
	41,
	84,
	68,
	69,
	63,
	41,
	79,
	41,
	91,
	78,
	24,
	7,
	5,
	1,
	2,
	37,
	16,
	0,
	88,
	44,
	79,
	39,
	95,
	91,
	58,
	59,
	8,
	11,
	155,
	6,
	85,
	27,
	94,
	10,
	52,
	76,
	2,
	20,
	115,
	87,
	85,
	2,
	30,
	60,
	87,
	70,
	56,
	23,
	93,
	89,
	94,
	117,
	18,
	22,
	66,
	90,
	107,
	4,
	20,
	46,
	0,
	32,
	16,
	35,
	16,
	91,
	89,
	89,
	28,
	7,
	76,
	79,
	30,
	25,
	93,
	20,
	36,
	6,
	28,
	114,
	89,
	4,
	55,
	22,
	61,
	19,
	62,
	102,
	11,
	27,
	81,
	22,
	11,
	15,
	66,
	81,
	65,
	8,
	76,
	35,
	45,
	95,
	45,
	218,
	60,
	76,
	85,
	142,
	56,
	89,
	8,
	95,
	56,
	65,
	64,
	9,
	79,
	11,
	85,
	94,
	11,
	15,
	20,
	25,
	1,
	6,
	95,
	48,
	14,
	16,
	52,
	71,
	19,
	33,
	75,
	28,
	1,
	29,
	17,
	20,
	65,
	1,
	60,
	85,
	92,
	13,
	64,
	27,
	18,
	2,
	45,
	26,
	115,
	21,
	81,
	38,
	14,
	79,
	18,
	65,
	71,
	25,
	57,
	49,
	84,
	107,
	5,
	46,
	89,
	120,
	72,
	9,
	28,
	20,
	114,
	41,
	91,
	13,
	24,
	41,
	13,
	34,
	85,
	43,
	28,
	3,
	21,
	27,
	20,
	83,
	16,
	92,
	35,
	102,
	29,
	0,
	28,
	55,
	9,
	49,
	72,
	87,
	8,
	59,
	85,
	127,
	36,
	42,
	101,
	85,
	4,
	76,
	85,
	32,
	94,
	16,
	20,
	24,
	0,
	0,
	211,
	11,
	16,
	12,
	83,
	239,
	76,
	93,
	37,
	81,
	26,
	91,
	51,
	21,
	68,
	77,
	33,
	44,
	10,
	87,
	107,
	89,
	67,
	34,
	51,
	62,
	156,
	127,
	0,
	7,
	66,
	18,
	51,
	85,
	71,
	124,
	7,
	69,
	16,
	15,
	101,
	88,
	8,
	56,
	28,
	72,
	53,
	84,
	33,
	117,
	68,
	23,
	26,
	52,
	27,
	55,
	20,
	47,
	13,
	71,
	10,
	6,
	22,
	23,
	20,
	89,
	28,
	101,
	21,
	1,
	177,
	11,
	6,
	117,
	125,
	24,
	89,
	29,
	25,
	20,
	77,
	56,
	0,
	65,
	89,
	6,
	20,
	24,
	21,
	82,
	91,
	28,
	70,
	120,
	4,
	196,
	48,
	81,
	123,
	64,
	85,
	66,
	30,
	51,
	40,
	28,
	7,
	8,
	26,
	85,
	85,
	71,
	28,
	61,
	81,
	28,
	47,
	67,
	31,
	127,
	27,
	0,
	25,
	76,
	38,
	59,
	26,
	188,
	56,
	24,
	79,
	13,
	6,
	0,
	85,
	48,
	0,
	66,
	65,
	27,
	6,
	48,
	63,
	79,
	41,
	20,
	123,
	24,
	26,
	0,
	59,
	2,
	65,
	31,
	27,
	77,
	25,
	24,
	51,
	67,
	25,
	20,
	81,
	64,
	28,
	199,
	101,
	1,
	79,
	65,
	88,
	34,
	65,
	47,
	26,
	24,
	27,
	85,
	14,
	108,
	40,
	127,
	11,
	63,
	50,
	8,
	15,
	212,
	65,
	66,
	237,
	65,
	16,
	27,
	30,
	127,
	26,
	87,
	24,
	28,
	16,
	29,
	66,
	201,
	17,
	35,
	28,
	31,
	65,
	60,
	6,
	10,
	58,
	85,
	84,
	57,
	29,
	81,
	13,
	39,
	25,
	80,
	79,
	10,
	9,
	59,
	85,
	115,
	45,
	31,
	70,
	13,
	51,
	0,
	8,
	72,
	48,
	26,
	34,
	83,
	81,
	3,
	27,
	59,
	28,
	67,
	83,
	18,
	81,
	22,
	28,
	86,
	81,
	67,
	42,
	79,
	64,
	174,
	79,
	28,
	0,
	6,
	29,
	78,
	48,
	31,
	12,
	27,
	70,
	9,
	8,
	42,
	28,
	83,
	51,
	41,
	95,
	20,
	66,
	38,
	79,
	91,
	26,
	91,
	68,
	62,
	32,
	20,
	91,
	79,
	60,
	59,
	28,
	17,
	18,
	27,
	50,
	11,
	65,
	84,
	22,
	85,
	13,
	28,
	12,
	76,
	67,
	9,
	30,
	25,
	50,
	72,
	123,
	76,
	127,
	73,
	31,
	26,
	16,
	70,
	196,
	45,
	81,
	127,
	76,
	15,
	65,
	38,
	65,
	27,
	52,
	5,
	76,
	66,
	1,
	42,
	81,
	12,
	25,
	45,
	68,
	21,
	20,
	2,
	2,
	2,
	79,
	24,
	174,
	44,
	86,
	27,
	84,
	85,
	85,
	25,
	91,
	76,
	11,
	24,
	87,
	12,
	28,
	24,
	67,
	57,
	6,
	88,
	79,
	89,
	42,
	85,
	38,
	33,
	18,
	85,
	81,
	65,
	10,
	65,
	113,
	13,
	81,
	29,
	12,
	26,
	28,
	4,
	67,
	86,
	2,
	56,
	50,
	0,
	196,
	28,
	69,
	26,
	115,
	3,
	21,
	22,
	4,
	24,
	66,
	32,
	17,
	0,
	91,
	17,
	59,
	29,
	10,
	26,
	89,
	89,
	11,
	4,
	0,
	66,
	39,
	29,
	24,
	89,
	10,
	32,
	60,
	107,
	0,
	6,
	6,
	30,
	91,
	197,
	22,
	1,
	30,
	101,
	53,
	22,
	38,
	196,
	76,
	39,
	48,
	30,
	93,
	76,
	48,
	3,
	27,
	62,
	11,
	0,
	76,
	80,
	117,
	42,
	76,
	35,
	42,
	18,
	28,
	78,
	42,
	73,
	115,
	76,
	89,
	29,
	12,
	83,
	87,
	15,
	24,
	66,
	27,
	29,
	71,
	8,
	10,
	85,
	102,
	65,
	60,
	40,
	91,
	20,
	81,
	89,
	76,
	4,
	65,
	8,
	79,
	20,
	113,
	65,
	90,
	102,
	92,
	36,
	221,
	20,
	13,
	44,
	26,
	85,
	127,
	91,
	22,
	78,
	127,
	18,
	88,
	78,
	0,
	121,
	65,
	6,
	66,
	29,
	82,
	76,
	52,
	88,
	83,
	89,
	45,
	72,
	79,
	12,
	1,
	93,
	80,
	8,
	22,
	18,
	88,
	60,
	67,
	72,
	3,
	85,
	115,
	70,
	42,
	12,
	89,
	51,
	48,
	20,
	28,
	33,
	14,
	28,
	32,
	83,
	18,
	76,
	44,
	28,
	87,
	102,
	6,
	3,
	47,
	127,
	77,
	85,
	89,
	1,
	92,
	65,
	88,
	16,
	88,
	11,
	25,
	109,
	103,
	65,
	101,
	18,
	30,
	22,
	10,
	140,
	79,
	24,
	81,
	5,
	76,
	37,
	99,
	46,
	45,
	77,
	64,
	17,
	62,
	82,
	67,
	20,
	10,
	89,
	22,
	36,
	10,
	69,
	93,
	86,
	36,
	24,
	76,
	16,
	93,
	36,
	10,
	85,
	18,
	80,
	65,
	20,
	25,
	65,
	73,
	69,
	89,
	1,
	4,
	18,
	26,
	23,
	65,
	58,
	92,
	82,
	76,
	8,
	89,
	123,
	16,
	7,
	47,
	79,
	0,
	1,
	57,
	85,
	70,
	64,
	76,
	7,
	77,
	23,
	1,
	158,
	58,
	69,
	16,
	91,
	1,
	26,
	65,
	81,
	0,
	42,
	1,
	107,
	84,
	30,
	22,
	89,
	50,
	28,
	20,
	41,
	46,
	7,
	83,
	16,
	1,
	77,
	65,
	127,
	68,
	42,
	10,
	60,
	36,
	2,
	120,
	79,
	235,
	56,
	51,
	40,
	96,
	29,
	87,
	87,
	29,
	70,
	20,
	30,
	238,
	46,
	12,
	27,
	92,
	123,
	76,
	52,
	18,
	29,
	77,
	14,
	52,
	79,
	85,
	17,
	22,
	88,
	6,
	83,
	21,
	99,
	27,
	0,
	127,
	28,
	9,
	48,
	25,
	6,
	48,
	89,
	26,
	85,
	28,
	0,
	20,
	18,
	65,
	62,
	5,
	10,
	76,
	68,
	102,
	91,
	11,
	3,
	26,
	42,
	20,
	76,
	42,
	91,
	89,
	0,
	13,
	30,
	159,
	97,
	26,
	85,
	65,
	97,
	51,
	89,
	62,
	89,
	96,
	81,
	9,
	22,
	13,
	8,
	41,
	77,
	85,
	6,
	43,
	62,
	91,
	66,
	34,
	22,
	88,
	63,
	14,
	92,
	69,
	11,
	46,
	13,
	13,
	10,
	71,
	48,
	83,
	11,
	9,
	21,
	85,
	24,
	14,
	33,
	48,
	89,
	81,
	53,
	127,
	18,
	92,
	63,
	46,
	205,
	113,
	93,
	76,
	123,
	18,
	41,
	85,
	84,
	65,
	20,
	185,
	76,
	14,
	66,
	4,
	9,
	127,
	71,
	46,
	24,
	234,
	16,
	2,
	6,
	115,
	92,
	35,
	6,
	47,
	85,
	65,
	18,
	7,
	88,
	79,
	91,
	115,
	18,
	246,
	213,
	71,
	43,
	62,
	85,
	81,
	102,
	26,
	16,
	7,
	88,
	11,
	68,
	3,
	91,
	28,
	64,
	6,
	22,
	42,
	9,
	42,
	45,
	71,
	59,
	68,
	33,
	65,
	18,
	90,
	20,
	85,
	24,
	88,
	20,
	76,
	85,
	27,
	87,
	3,
	33,
	64,
	46,
	52,
	25,
	65,
	67,
	93,
	87,
	28,
	5,
	93,
	125,
	26,
	62,
	60,
	79,
	20,
	62,
	14,
	0,
	79,
	55,
	85,
	88,
	8,
	10,
	91,
	81,
	87,
	20,
	8,
	18,
	11,
	213,
	20,
	97,
	10,
	46,
	18,
	42,
	19,
	97,
	46,
	68,
	0,
	2,
	48,
	85,
	29,
	93,
	64,
	46,
	8,
	57,
	89,
	18,
	73,
	22,
	52,
	127,
	56,
	24,
	65,
	93,
	18,
	89,
	62,
	85,
	91,
	0,
	18,
	70,
	8,
	28,
	24,
	88,
	95,
	30,
	11,
	18,
	76,
	16,
	57,
	22,
	81,
	9,
	1,
	87,
	79,
	85,
	87,
	14,
	26,
	101,
	85,
	78,
	10,
	18,
	18,
	118,
	13,
	145,
	69,
	4,
	70,
	10,
	52,
	79,
	92,
	78,
	22,
	77,
	87,
	8,
	102,
	39,
	101,
	88,
	92,
	85,
	92,
	88,
	83,
	85,
	74,
	59,
	19,
	88,
	62,
	113,
	91,
	122,
	13,
	44,
	73,
	48,
	61,
	115,
	28,
	3,
	47,
	18,
	11,
	102,
	60,
	87,
	38,
	8,
	96,
	0,
	9,
	14,
	49,
	83,
	4,
	25,
	0,
	17,
	56,
	32,
}, key))
if a then
	a()
else
	gg.alert("WRONG PASSWORD!")
end
