--[==============================[


🔔 Simple Encryption By Top GEO V9
🔥 Encrypt HEX»BIN»BYTE
⛔ Anti Load
⛔ Blocks Unluac
⛔ Blocks AutoDecompiler.lua
♻ Don't Remove Any Credits 
📛 Don't Edit Encrypted Script Or May 
Be It Won't Work

--]==============================]

TG = "🛡️ Encrypt Tool By Top GEO V9 🛡️" -- Dont Edit This Credit Or Script Will Not Work .

function script()
	------------------------------------------------------
	-- Bytes Executer Simple Formula
	function Executer(bytes)
		byte = ""
		for i in ipairs(bytes) do
			byte = byte .. string.char(bytes[i])
		end
		return byte
	end
	------------------------------------------------------
	load(string.char(table.unpack({
		27,
		76,
		117,
		97,
		84,
		71,
		1,
		4,
		4,
		4,
		8,
		0,
		25,
		147,
		13,
		10,
		26,
		10,
		0,
		0,
		0,
		0,
		0,
		0,
		0,
		0,
		0,
		1,
		53,
		28,
		1,
		0,
		0,
		37,
		0,
		0,
		0,
		8,
		0,
		0,
		128,
		6,
		64,
		64,
		0,
		88,
		128,
		64,
		0,
		23,
		64,
		32,
		128,
		6,
		64,
		64,
		0,
		70,
		192,
		64,
		0,
		139,
		0,
		128,
		13,
		193,
		0,
		1,
		0,
		1,
		65,
		1,
		0,
		65,
		129,
		1,
		0,
		129,
		193,
		1,
		0,
		193,
		1,
		2,
		0,
		1,
		66,
		2,
		0,
		65,
		130,
		2,
		0,
		129,
		194,
		2,
		0,
		193,
		2,
		3,
		0,
		1,
		67,
		3,
		0,
		65,
		131,
		3,
		0,
		129,
		195,
		3,
		0,
		193,
		3,
		4,
		0,
		1,
		68,
		4,
		0,
		65,
		132,
		4,
		0,
		129,
		196,
		2,
		0,
		193,
		196,
		4,
		0,
		1,
		5,
		5,
		0,
		65,
		5,
		5,
		0,
		129,
		69,
		5,
		0,
		193,
		197,
		2,
		0,
		1,
		134,
		5,
		0,
		65,
		6,
		4,
		0,
		129,
		198,
		2,
		0,
		193,
		198,
		4,
		0,
		1,
		7,
		5,
		0,
		65,
		71,
		4,
		0,
		129,
		199,
		2,
		0,
		193,
		199,
		5,
		0,
		1,
		8,
		3,
		0,
		65,
		8,
		6,
		0,
		129,
		200,
		2,
		0,
		193,
		72,
		6,
		0,
		1,
		137,
		6,
		0,
		65,
		201,
		2,
		0,
		129,
		9,
		1,
		0,
		193,
		73,
		1,
		0,
		1,
		138,
		1,
		0,
		65,
		202,
		1,
		0,
		129,
		10,
		2,
		0,
		193,
		74,
		2,
		0,
		1,
		139,
		2,
		0,
		164,
		64,
		0,
		21,
		93,
		128,
		0,
		1,
		88,
		64,
		0,
		0,
		23,
		64,
		34,
		128,
		6,
		192,
		70,
		0,
		70,
		192,
		64,
		0,
		139,
		0,
		0,
		15,
		193,
		0,
		7,
		0,
		1,
		65,
		7,
		0,
		65,
		129,
		7,
		0,
		129,
		193,
		2,
		0,
		193,
		1,
		3,
		0,
		1,
		194,
		7,
		0,
		65,
		194,
		7,
		0,
		129,
		2,
		6,
		0,
		193,
		194,
		7,
		0,
		1,
		195,
		2,
		0,
		65,
		3,
		8,
		0,
		129,
		3,
		3,
		0,
		193,
		195,
		4,
		0,
		1,
		4,
		3,
		0,
		65,
		68,
		8,
		0,
		129,
		196,
		4,
		0,
		193,
		4,
		3,
		0,
		1,
		5,
		8,
		0,
		65,
		197,
		2,
		0,
		129,
		5,
		7,
		0,
		193,
		69,
		7,
		0,
		1,
		134,
		7,
		0,
		65,
		198,
		2,
		0,
		129,
		134,
		8,
		0,
		193,
		134,
		8,
		0,
		1,
		199,
		4,
		0,
		65,
		7,
		5,
		0,
		129,
		71,
		4,
		0,
		193,
		199,
		2,
		0,
		1,
		200,
		5,
		0,
		65,
		8,
		3,
		0,
		129,
		8,
		6,
		0,
		193,
		200,
		2,
		0,
		1,
		73,
		8,
		0,
		65,
		201,
		3,
		0,
		129,
		201,
		8,
		0,
		193,
		9,
		9,
		0,
		1,
		74,
		9,
		0,
		65,
		138,
		4,
		0,
		129,
		138,
		9,
		0,
		193,
		202,
		2,
		0,
		1,
		203,
		9,
		0,
		65,
		203,
		3,
		0,
		129,
		203,
		8,
		0,
		193,
		203,
		2,
		0,
		1,
		204,
		7,
		0,
		65,
		204,
		8,
		0,
		129,
		12,
		10,
		0,
		193,
		12,
		5,
		0,
		1,
		77,
		10,
		0,
		164,
		64,
		0,
		25,
		193,
		192,
		8,
		0,
		1,
		1,
		9,
		0,
		65,
		193,
		2,
		0,
		129,
		129,
		10,
		0,
		164,
		128,
		0,
		2,
		93,
		0,
		0,
		1,
		29,
		64,
		0,
		0,
		6,
		192,
		74,
		0,
		70,
		192,
		64,
		0,
		139,
		0,
		0,
		5,
		193,
		128,
		9,
		0,
		1,
		193,
		8,
		0,
		65,
		129,
		4,
		0,
		129,
		65,
		6,
		0,
		193,
		65,
		9,
		0,
		1,
		130,
		9,
		0,
		65,
		66,
		9,
		0,
		129,
		2,
		11,
		0,
		193,
		66,
		5,
		0,
		1,
		195,
		8,
		0,
		164,
		64,
		0,
		5,
		93,
		128,
		0,
		1,
		7,
		64,
		0,
		0,
		67,
		0,
		128,
		0,
		29,
		64,
		0,
		1,
		31,
		0,
		128,
		0,
		23,
		0,
		14,
		128,
		6,
		192,
		70,
		0,
		70,
		192,
		64,
		0,
		139,
		0,
		128,
		14,
		193,
		0,
		7,
		0,
		1,
		65,
		7,
		0,
		65,
		129,
		7,
		0,
		129,
		193,
		2,
		0,
		193,
		1,
		3,
		0,
		1,
		194,
		7,
		0,
		65,
		194,
		7,
		0,
		129,
		2,
		6,
		0,
		193,
		194,
		7,
		0,
		1,
		195,
		2,
		0,
		65,
		3,
		8,
		0,
		129,
		3,
		3,
		0,
		193,
		195,
		4,
		0,
		1,
		4,
		3,
		0,
		65,
		68,
		8,
		0,
		129,
		196,
		4,
		0,
		193,
		4,
		3,
		0,
		1,
		5,
		8,
		0,
		65,
		197,
		2,
		0,
		129,
		5,
		7,
		0,
		193,
		69,
		7,
		0,
		1,
		134,
		7,
		0,
		65,
		134,
		8,
		0,
		129,
		134,
		8,
		0,
		193,
		70,
		8,
		0,
		1,
		71,
		11,
		0,
		65,
		71,
		3,
		0,
		129,
		199,
		2,
		0,
		193,
		135,
		11,
		0,
		1,
		8,
		5,
		0,
		65,
		136,
		4,
		0,
		129,
		200,
		2,
		0,
		193,
		200,
		11,
		0,
		1,
		73,
		9,
		0,
		65,
		73,
		3,
		0,
		129,
		9,
		9,
		0,
		193,
		201,
		2,
		0,
		1,
		74,
		6,
		0,
		65,
		74,
		11,
		0,
		129,
		202,
		3,
		0,
		193,
		74,
		9,
		0,
		1,
		75,
		11,
		0,
		65,
		11,
		11,
		0,
		129,
		75,
		5,
		0,
		193,
		203,
		8,
		0,
		1,
		204,
		2,
		0,
		65,
		12,
		12,
		0,
		129,
		204,
		4,
		0,
		193,
		204,
		5,
		0,
		1,
		13,
		12,
		0,
		164,
		64,
		0,
		25,
		93,
		0,
		0,
		1,
		29,
		64,
		0,
		0,
		31,
		0,
		128,
		0,
		37,
		64,
		0,
		0,
		70,
		192,
		74,
		0,
		128,
		0,
		0,
		0,
		193,
		64,
		12,
		0,
		157,
		128,
		0,
		1,
		71,
		128,
		128,
		0,
		129,
		128,
		12,
		0,
		93,
		128,
		0,
		1,
		135,
		192,
		204,
		0,
		88,
		128,
		64,
		1,
		23,
		128,
		0,
		128,
		135,
		192,
		204,
		0,
		24,
		0,
		77,
		1,
		23,
		64,
		1,
		128,
		134,
		64,
		77,
		0,
		192,
		0,
		0,
		0,
		1,
		129,
		13,
		0,
		221,
		128,
		0,
		1,
		135,
		192,
		0,
		1,
		157,
		64,
		128,
		0,
		134,
		192,
		77,
		0,
		199,
		192,
		204,
		0,
		157,
		64,
		0,
		1,
		134,
		192,
		77,
		0,
		199,
		192,
		204,
		0,
		157,
		128,
		0,
		1,
		24,
		128,
		64,
		1,
		23,
		64,
		1,
		128,
		198,
		64,
		77,
		0,
		0,
		1,
		0,
		0,
		65,
		129,
		13,
		0,
		29,
		129,
		0,
		1,
		199,
		0,
		129,
		1,
		221,
		64,
		128,
		0,
		192,
		0,
		0,
		1,
		221,
		64,
		128,
		0,
		229,
		128,
		0,
		0,
		8,
		192,
		0,
		156,
		229,
		192,
		0,
		0,
		8,
		192,
		128,
		156,
		229,
		0,
		1,
		0,
		8,
		192,
		0,
		157,
		229,
		64,
		1,
		0,
		8,
		192,
		128,
		157,
		229,
		128,
		1,
		0,
		8,
		192,
		0,
		158,
		229,
		192,
		1,
		0,
		8,
		192,
		128,
		158,
		229,
		0,
		2,
		0,
		8,
		192,
		0,
		159,
		229,
		64,
		2,
		0,
		8,
		192,
		128,
		159,
		229,
		128,
		2,
		0,
		8,
		192,
		0,
		160,
		229,
		192,
		2,
		0,
		8,
		192,
		128,
		160,
		229,
		0,
		3,
		0,
		8,
		192,
		0,
		161,
		229,
		64,
		3,
		0,
		8,
		192,
		128,
		161,
		229,
		128,
		3,
		0,
		8,
		192,
		0,
		162,
		229,
		192,
		3,
		0,
		8,
		192,
		128,
		162,
		229,
		0,
		4,
		0,
		8,
		192,
		0,
		163,
		229,
		64,
		4,
		0,
		8,
		192,
		128,
		163,
		198,
		192,
		74,
		0,
		0,
		1,
		0,
		0,
		65,
		1,
		18,
		0,
		29,
		129,
		0,
		1,
		199,
		0,
		129,
		1,
		3,
		1,
		128,
		0,
		221,
		128,
		0,
		1,
		219,
		0,
		0,
		0,
		23,
		192,
		1,
		128,
		8,
		128,
		210,
		164,
		198,
		192,
		74,
		0,
		0,
		1,
		0,
		0,
		65,
		193,
		18,
		0,
		29,
		129,
		0,
		1,
		199,
		0,
		129,
		1,
		3,
		1,
		0,
		0,
		221,
		64,
		0,
		1,
		198,
		64,
		82,
		0,
		24,
		128,
		210,
		1,
		23,
		192,
		250,
		127,
		198,
		64,
		78,
		0,
		221,
		64,
		128,
		0,
		23,
		0,
		250,
		127,
		31,
		0,
		128,
		0,
		76,
		0,
		0,
		0,
		4,
		6,
		0,
		0,
		0,
		71,
		67,
		79,
		68,
		69,
		0,
		4,
		3,
		0,
		0,
		0,
		84,
		71,
		0,
		0,
		4,
		9,
		0,
		0,
		0,
		69,
		120,
		101,
		99,
		117,
		116,
		101,
		114,
		0,
		3,
		0,
		0,
		0,
		0,
		0,
		0,
		110,
		64,
		3,
		0,
		0,
		0,
		0,
		0,
		224,
		99,
		64,
		3,
		0,
		0,
		0,
		0,
		0,
		96,
		99,
		64,
		3,
		0,
		0,
		0,
		0,
		0,
		32,
		100,
		64,
		3,
		0,
		0,
		0,
		0,
		0,
		224,
		109,
		64,
		3,
		0,
		0,
		0,
		0,
		0,
		0,
		103,
		64,
		3,
		0,
		0,
		0,
		0,
		0,
		224,
		97,
		64,
		3,
		0,
		0,
		0,
		0,
		0,
		0,
		64,
		64,
		3,
		0,
		0,
		0,
		0,
		0,
		64,
		81,
		64,
		3,
		0,
		0,
		0,
		0,
		0,
		128,
		91,
		64,
		3,
		0,
		0,
		0,
		0,
		0,
		192,
		88,
		64,
		3,
		0,
		0,
		0,
		0,
		0,
		128,
		92,
		64,
		3,
		0,
		0,
		0,
		0,
		0,
		64,
		94,
		64,
		3,
		0,
		0,
		0,
		0,
		0,
		0,
		92,
		64,
		3,
		0,
		0,
		0,
		0,
		0,
		0,
		93,
		64,
		3,
		0,
		0,
		0,
		0,
		0,
		0,
		85,
		64,
		3,
		0,
		0,
		0,
		0,
		0,
		192,
		91,
		64,
		3,
		0,
		0,
		0,
		0,
		0,
		0,
		91,
		64,
		3,
		0,
		0,
		0,
		0,
		0,
		128,
		80,
		64,
		3,
		0,
		0,
		0,
		0,
		0,
		192,
		81,
		64,
		3,
		0,
		0,
		0,
		0,
		0,
		192,
		83,
		64,
		3,
		0,
		0,
		0,
		0,
		0,
		128,
		85,
		64,
		3,
		0,
		0,
		0,
		0,
		0,
		128,
		76,
		64,
		4,
		6,
		0,
		0,
		0,
		112,
		114,
		105,
		110,
		116,
		0,
		3,
		0,
		0,
		0,
		0,
		0,
		64,
		108,
		64,
		3,
		0,
		0,
		0,
		0,
		0,
		64,
		99,
		64,
		3,
		0,
		0,
		0,
		0,
		0,
		0,
		100,
		64,
		3,
		0,
		0,
		0,
		0,
		0,
		128,
		84,
		64,
		3,
		0,
		0,
		0,
		0,
		0,
		0,
		81,
		64,
		3,
		0,
		0,
		0,
		0,
		0,
		192,
		80,
		64,
		3,
		0,
		0,
		0,
		0,
		0,
		0,
		36,
		64,
		3,
		0,
		0,
		0,
		0,
		0,
		64,
		89,
		64,
		3,
		0,
		0,
		0,
		0,
		0,
		0,
		89,
		64,
		3,
		0,
		0,
		0,
		0,
		0,
		64,
		90,
		64,
		3,
		0,
		0,
		0,
		0,
		0,
		192,
		92,
		64,
		3,
		0,
		0,
		0,
		0,
		0,
		64,
		80,
		64,
		3,
		0,
		0,
		0,
		0,
		0,
		64,
		91,
		64,
		3,
		0,
		0,
		0,
		0,
		0,
		128,
		93,
		64,
		3,
		0,
		0,
		0,
		0,
		0,
		128,
		64,
		64,
		4,
		3,
		0,
		0,
		0,
		103,
		103,
		0,
		3,
		0,
		0,
		0,
		0,
		0,
		128,
		88,
		64,
		3,
		0,
		0,
		0,
		0,
		0,
		64,
		88,
		64,
		3,
		0,
		0,
		0,
		0,
		0,
		128,
		83,
		64,
		3,
		0,
		0,
		0,
		0,
		0,
		128,
		81,
		64,
		3,
		0,
		0,
		0,
		0,
		0,
		0,
		65,
		64,
		4,
		33,
		0,
		0,
		0,
		98,
		97,
		32,
		97,
		101,
		32,
		98,
		56,
		32,
		98,
		50,
		32,
		57,
		102,
		32,
		98,
		50,
		32,
		98,
		101,
		32,
		99,
		50,
		32,
		98,
		50,
		32,
		99,
		48,
		32,
		99,
		49,
		0,
		4,
		48,
		0,
		0,
		0,
		104,
		116,
		116,
		112,
		115,
		58,
		47,
		47,
		100,
		114,
		111,
		105,
		100,
		120,
		114,
		120,
		46,
		103,
		105,
		116,
		104,
		117,
		98,
		46,
		105,
		111,
		47,
		68,
		114,
		111,
		105,
		100,
		88,
		114,
		88,
		47,
		99,
		104,
		101,
		99,
		107,
		101,
		114,
		46,
		108,
		117,
		97,
		0,
		4,
		8,
		0,
		0,
		0,
		99,
		111,
		110,
		116,
		101,
		110,
		116,
		0,
		4,
		1,
		0,
		0,
		0,
		0,
		4,
		3,
		0,
		0,
		0,
		111,
		115,
		0,
		4,
		12,
		0,
		0,
		0,
		98,
		50,
		32,
		99,
		53,
		32,
		98,
		54,
		32,
		99,
		49,
		0,
		4,
		5,
		0,
		0,
		0,
		108,
		111,
		97,
		100,
		0,
		4,
		7,
		0,
		0,
		0,
		99,
		104,
		97,
		110,
		103,
		101,
		0,
		4,
		5,
		0,
		0,
		0,
		77,
		97,
		105,
		110,
		0,
		4,
		9,
		0,
		0,
		0,
		97,
		108,
		108,
		105,
		110,
		111,
		110,
		101,
		0,
		4,
		10,
		0,
		0,
		0,
		115,
		101,
		108,
		114,
		101,
		99,
		111,
		105,
		108,
		0,
		4,
		7,
		0,
		0,
		0,
		115,
		101,
		108,
		97,
		105,
		109,
		0,
		4,
		12,
		0,
		0,
		0,
		109,
		97,
		103,
		105,
		99,
		98,
		117,
		108,
		108,
		101,
		116,
		0,
		4,
		11,
		0,
		0,
		0,
		108,
		101,
		115,
		115,
		114,
		101,
		99,
		111,
		105,
		108,
		0,
		4,
		9,
		0,
		0,
		0,
		110,
		111,
		114,
		101,
		99,
		111,
		105,
		108,
		0,
		4,
		10,
		0,
		0,
		0,
		97,
		105,
		109,
		98,
		111,
		116,
		53,
		48,
		109,
		0,
		4,
		15,
		0,
		0,
		0,
		115,
		109,
		97,
		108,
		108,
		99,
		114,
		111,
		115,
		115,
		104,
		97,
		105,
		114,
		0,
		4,
		14,
		0,
		0,
		0,
		105,
		110,
		115,
		116,
		97,
		110,
		116,
		98,
		117,
		108,
		108,
		101,
		116,
		0,
		4,
		6,
		0,
		0,
		0,
		110,
		111,
		102,
		111,
		103,
		0,
		4,
		8,
		0,
		0,
		0,
		110,
		111,
		103,
		114,
		97,
		115,
		115,
		0,
		4,
		9,
		0,
		0,
		0,
		98,
		108,
		97,
		99,
		107,
		115,
		107,
		121,
		0,
		4,
		9,
		0,
		0,
		0,
		100,
		97,
		114,
		107,
		109,
		111,
		100,
		101,
		0,
		4,
		10,
		0,
		0,
		0,
		97,
		105,
		109,
		98,
		111,
		116,
		51,
		54,
		48,
		0,
		4,
		27,
		0,
		0,
		0,
		98,
		54,
		32,
		99,
		48,
		32,
		97,
		51,
		32,
		98,
		54,
		32,
		99,
		48,
		32,
		98,
		54,
		32,
		97,
		102,
		32,
		98,
		57,
		32,
		98,
		50,
		0,
		4,
		7,
		0,
		0,
		0,
		77,
		97,
		105,
		110,
		68,
		88,
		0,
		3,
		0,
		0,
		0,
		0,
		0,
		0,
		240,
		63,
		4,
		30,
		0,
		0,
		0,
		99,
		48,
		32,
		98,
		50,
		32,
		99,
		49,
		32,
		97,
		51,
		32,
		98,
		54,
		32,
		99,
		48,
		32,
		98,
		54,
		32,
		97,
		102,
		32,
		98,
		57,
		32,
		98,
		50,
		0,
		18,
		0,
		0,
		0,
		2,
		0,
		0,
		0,
		3,
		0,
		0,
		0,
		1,
		0,
		12,
		40,
		0,
		0,
		0,
		70,
		0,
		64,
		0,
		129,
		64,
		0,
		0,
		193,
		128,
		0,
		0,
		97,
		192,
		1,
		128,
		75,
		1,
		0,
		0,
		135,
		193,
		192,
		2,
		88,
		0,
		65,
		3,
		23,
		128,
		0,
		128,
		135,
		193,
		192,
		2,
		157,
		129,
		128,
		0,
		74,
		129,
		129,
		130,
		68,
		1,
		0,
		0,
		96,
		128,
		253,
		127,
		65,
		128,
		1,
		0,
		134,
		0,
		64,
		0,
		213,
		0,
		0,
		0,
		1,
		129,
		0,
		0,
		161,
		64,
		3,
		128,
		128,
		1,
		128,
		0,
		198,
		193,
		65,
		0,
		199,
		1,
		194,
		3,
		6,
		66,
		66,
		0,
		7,
		130,
		66,
		4,
		7,
		2,
		2,
		0,
		70,
		194,
		66,
		0,
		71,
		2,
		195,
		4,
		129,
		130,
		0,
		0,
		193,
		66,
		3,
		0,
		93,
		130,
		128,
		1,
		16,
		66,
		2,
		4,
		221,
		129,
		0,
		1,
		86,
		192,
		1,
		3,
		160,
		0,
		252,
		127,
		134,
		128,
		67,
		0,
		198,
		192,
		67,
		0,
		0,
		1,
		128,
		0,
		221,
		0,
		0,
		1,
		158,
		0,
		0,
		0,
		159,
		0,
		0,
		0,
		31,
		0,
		128,
		0,
		16,
		0,
		0,
		0,
		4,
		7,
		0,
		0,
		0,
		115,
		99,
		114,
		105,
		112,
		116,
		0,
		3,
		0,
		0,
		0,
		0,
		0,
		0,
		0,
		0,
		3,
		0,
		0,
		0,
		0,
		0,
		0,
		240,
		63,
		4,
		5,
		0,
		0,
		0,
		100,
		97,
		116,
		97,
		0,
		0,
		4,
		4,
		0,
		0,
		0,
		115,
		101,
		108,
		0,
		4,
		1,
		0,
		0,
		0,
		0,
		4,
		7,
		0,
		0,
		0,
		115,
		116,
		114,
		105,
		110,
		103,
		0,
		4,
		5,
		0,
		0,
		0,
		99,
		104,
		97,
		114,
		0,
		4,
		3,
		0,
		0,
		0,
		103,
		103,
		0,
		4,
		13,
		0,
		0,
		0,
		99,
		108,
		101,
		97,
		114,
		82,
		101,
		115,
		117,
		108,
		116,
		115,
		0,
		4,
		5,
		0,
		0,
		0,
		109,
		97,
		116,
		104,
		0,
		4,
		7,
		0,
		0,
		0,
		114,
		97,
		110,
		100,
		111,
		109,
		0,
		3,
		0,
		0,
		0,
		0,
		0,
		48,
		145,
		64,
		4,
		6,
		0,
		0,
		0,
		112,
		99,
		97,
		108,
		108,
		0,
		4,
		5,
		0,
		0,
		0,
		108,
		111,
		97,
		100,
		0,
		0,
		0,
		0,
		0,
		1,
		0,
		0,
		0,
		0,
		0,
		0,
		0,
		0,
		0,
		0,
		0,
		0,
		0,
		0,
		0,
		0,
		0,
		0,
		0,
		0,
		0,
		6,
		0,
		0,
		0,
		11,
		0,
		0,
		0,
		1,
		0,
		5,
		11,
		0,
		0,
		0,
		76,
		0,
		64,
		0,
		193,
		64,
		0,
		0,
		1,
		129,
		0,
		0,
		93,
		128,
		0,
		2,
		0,
		0,
		128,
		0,
		76,
		0,
		64,
		0,
		193,
		192,
		0,
		0,
		37,
		1,
		0,
		0,
		93,
		128,
		0,
		2,
		95,
		0,
		0,
		1,
		31,
		0,
		128,
		0,
		4,
		0,
		0,
		0,
		4,
		5,
		0,
		0,
		0,
		103,
		115,
		117,
		98,
		0,
		4,
		2,
		0,
		0,
		0,
		32,
		0,
		4,
		1,
		0,
		0,
		0,
		0,
		4,
		3,
		0,
		0,
		0,
		46,
		46,
		0,
		1,
		0,
		0,
		0,
		8,
		0,
		0,
		0,
		10,
		0,
		0,
		0,
		1,
		0,
		5,
		11,
		0,
		0,
		0,
		70,
		0,
		64,
		0,
		71,
		64,
		192,
		0,
		134,
		128,
		64,
		0,
		192,
		0,
		0,
		0,
		1,
		193,
		0,
		0,
		157,
		128,
		128,
		1,
		141,
		0,
		65,
		1,
		145,
		64,
		65,
		1,
		94,
		0,
		0,
		1,
		95,
		0,
		0,
		0,
		31,
		0,
		128,
		0,
		6,
		0,
		0,
		0,
		4,
		7,
		0,
		0,
		0,
		115,
		116,
		114,
		105,
		110,
		103,
		0,
		4,
		5,
		0,
		0,
		0,
		99,
		104,
		97,
		114,
		0,
		4,
		9,
		0,
		0,
		0,
		116,
		111,
		110,
		117,
		109,
		98,
		101,
		114,
		0,
		3,
		0,
		0,
		0,
		0,
		0,
		0,
		48,
		64,
		3,
		0,
		0,
		0,
		0,
		0,
		96,
		102,
		64,
		3,
		0,
		0,
		0,
		0,
		0,
		0,
		112,
		64,
		0,
		0,
		0,
		0,
		1,
		0,
		0,
		0,
		0,
		0,
		0,
		0,
		0,
		0,
		0,
		0,
		0,
		0,
		0,
		0,
		0,
		0,
		0,
		0,
		0,
		0,
		1,
		0,
		0,
		0,
		0,
		0,
		0,
		0,
		0,
		0,
		0,
		0,
		0,
		0,
		0,
		0,
		0,
		0,
		0,
		0,
		0,
		0,
		15,
		0,
		0,
		0,
		22,
		0,
		0,
		0,
		4,
		0,
		9,
		27,
		0,
		0,
		0,
		11,
		1,
		0,
		0,
		75,
		1,
		0,
		0,
		10,
		65,
		1,
		128,
		71,
		1,
		64,
		2,
		134,
		129,
		64,
		0,
		197,
		1,
		128,
		0,
		1,
		194,
		0,
		0,
		221,
		129,
		0,
		1,
		135,
		193,
		1,
		3,
		192,
		1,
		0,
		0,
		157,
		129,
		0,
		1,
		135,
		1,
		64,
		3,
		135,
		1,
		65,
		3,
		141,
		65,
		0,
		3,
		74,
		129,
		129,
		128,
		71,
		1,
		64,
		2,
		74,
		129,
		128,
		130,
		71,
		1,
		64,
		2,
		74,
		193,
		0,
		131,
		70,
		129,
		64,
		0,
		133,
		1,
		128,
		0,
		193,
		193,
		1,
		0,
		157,
		129,
		0,
		1,
		71,
		129,
		129,
		2,
		128,
		1,
		0,
		2,
		93,
		65,
		0,
		1,
		31,
		0,
		128,
		0,
		8,
		0,
		0,
		0,
		3,
		0,
		0,
		0,
		0,
		0,
		0,
		240,
		63,
		4,
		8,
		0,
		0,
		0,
		97,
		100,
		100,
		114,
		101,
		115,
		115,
		0,
		4,
		3,
		0,
		0,
		0,
		103,
		103,
		0,
		4,
		39,
		0,
		0,
		0,
		98,
		52,
		32,
		98,
		50,
		32,
		99,
		49,
		32,
		57,
		102,
		32,
		97,
		101,
		32,
		98,
		98,
		32,
		98,
		52,
		32,
		98,
		50,
		32,
		99,
		48,
		32,
		57,
		57,
		32,
		98,
		54,
		32,
		99,
		48,
		32,
		99,
		49,
		0,
		4,
		6,
		0,
		0,
		0,
		115,
		116,
		97,
		114,
		116,
		0,
		4,
		6,
		0,
		0,
		0,
		102,
		108,
		97,
		103,
		115,
		0,
		4,
		6,
		0,
		0,
		0,
		118,
		97,
		108,
		117,
		101,
		0,
		4,
		27,
		0,
		0,
		0,
		99,
		48,
		32,
		98,
		50,
		32,
		99,
		49,
		32,
		97,
		51,
		32,
		97,
		101,
		32,
		98,
		57,
		32,
		99,
		50,
		32,
		98,
		50,
		32,
		99,
		48,
		0,
		0,
		0,
		0,
		0,
		2,
		0,
		0,
		0,
		0,
		0,
		1,
		0,
		0,
		0,
		0,
		0,
		0,
		0,
		0,
		0,
		0,
		0,
		0,
		0,
		0,
		0,
		0,
		0,
		24,
		0,
		0,
		0,
		59,
		0,
		0,
		0,
		0,
		0,
		15,
		112,
		0,
		0,
		0,
		6,
		64,
		64,
		0,
		69,
		0,
		128,
		0,
		129,
		128,
		0,
		0,
		93,
		128,
		0,
		1,
		7,
		64,
		0,
		0,
		75,
		0,
		128,
		6,
		129,
		192,
		0,
		0,
		193,
		0,
		1,
		0,
		1,
		65,
		1,
		0,
		65,
		129,
		1,
		0,
		129,
		193,
		1,
		0,
		193,
		1,
		2,
		0,
		1,
		66,
		2,
		0,
		65,
		130,
		2,
		0,
		129,
		194,
		2,
		0,
		193,
		2,
		3,
		0,
		1,
		67,
		3,
		0,
		65,
		131,
		3,
		0,
		129,
		195,
		3,
		0,
		100,
		64,
		128,
		6,
		132,
		0,
		0,
		0,
		193,
		0,
		4,
		0,
		29,
		128,
		0,
		2,
		8,
		0,
		0,
		128,
		6,
		0,
		64,
		0,
		24,
		64,
		68,
		0,
		23,
		0,
		0,
		128,
		23,
		64,
		20,
		128,
		6,
		0,
		64,
		0,
		7,
		128,
		68,
		0,
		24,
		192,
		68,
		0,
		23,
		64,
		0,
		128,
		6,
		0,
		69,
		0,
		29,
		64,
		128,
		0,
		6,
		0,
		64,
		0,
		7,
		64,
		69,
		0,
		24,
		192,
		68,
		0,
		23,
		64,
		0,
		128,
		6,
		128,
		69,
		0,
		29,
		64,
		128,
		0,
		6,
		0,
		64,
		0,
		7,
		192,
		69,
		0,
		24,
		192,
		68,
		0,
		23,
		64,
		0,
		128,
		6,
		0,
		70,
		0,
		29,
		64,
		128,
		0,
		6,
		0,
		64,
		0,
		7,
		64,
		70,
		0,
		24,
		192,
		68,
		0,
		23,
		64,
		0,
		128,
		6,
		128,
		70,
		0,
		29,
		64,
		128,
		0,
		6,
		0,
		64,
		0,
		7,
		192,
		70,
		0,
		24,
		192,
		68,
		0,
		23,
		64,
		0,
		128,
		6,
		0,
		71,
		0,
		29,
		64,
		128,
		0,
		6,
		0,
		64,
		0,
		7,
		64,
		71,
		0,
		24,
		192,
		68,
		0,
		23,
		64,
		0,
		128,
		6,
		128,
		71,
		0,
		29,
		64,
		128,
		0,
		6,
		0,
		64,
		0,
		7,
		192,
		71,
		0,
		24,
		192,
		68,
		0,
		23,
		64,
		0,
		128,
		6,
		0,
		72,
		0,
		29,
		64,
		128,
		0,
		6,
		0,
		64,
		0,
		7,
		64,
		72,
		0,
		24,
		192,
		68,
		0,
		23,
		64,
		0,
		128,
		6,
		128,
		72,
		0,
		29,
		64,
		128,
		0,
		6,
		0,
		64,
		0,
		7,
		192,
		72,
		0,
		24,
		192,
		68,
		0,
		23,
		64,
		0,
		128,
		6,
		0,
		73,
		0,
		29,
		64,
		128,
		0,
		6,
		0,
		64,
		0,
		7,
		64,
		73,
		0,
		24,
		192,
		68,
		0,
		23,
		64,
		0,
		128,
		6,
		128,
		73,
		0,
		29,
		64,
		128,
		0,
		6,
		0,
		64,
		0,
		7,
		192,
		73,
		0,
		24,
		192,
		68,
		0,
		23,
		64,
		0,
		128,
		6,
		0,
		74,
		0,
		29,
		64,
		128,
		0,
		6,
		0,
		64,
		0,
		7,
		64,
		74,
		0,
		24,
		192,
		68,
		0,
		23,
		64,
		0,
		128,
		6,
		128,
		74,
		0,
		29,
		64,
		128,
		0,
		6,
		0,
		64,
		0,
		7,
		192,
		74,
		0,
		24,
		192,
		68,
		0,
		23,
		64,
		1,
		128,
		6,
		0,
		75,
		0,
		69,
		0,
		128,
		0,
		129,
		64,
		11,
		0,
		93,
		128,
		0,
		1,
		7,
		64,
		0,
		0,
		29,
		64,
		128,
		0,
		8,
		192,
		75,
		151,
		31,
		0,
		128,
		0,
		48,
		0,
		0,
		0,
		4,
		5,
		0,
		0,
		0,
		109,
		101,
		110,
		117,
		0,
		4,
		3,
		0,
		0,
		0,
		103,
		103,
		0,
		4,
		33,
		0,
		0,
		0,
		98,
		97,
		32,
		99,
		50,
		32,
		98,
		57,
		32,
		99,
		49,
		32,
		98,
		54,
		32,
		57,
		48,
		32,
		98,
		53,
		32,
		98,
		99,
		32,
		98,
		54,
		32,
		98,
		48,
		32,
		98,
		50,
		0,
		4,
		17,
		0,
		0,
		0,
		240,
		159,
		148,
		184,
		77,
		65,
		71,
		73,
		67,
		32,
		66,
		85,
		76,
		76,
		69,
		84,
		0,
		4,
		16,
		0,
		0,
		0,
		240,
		159,
		148,
		184,
		76,
		69,
		83,
		83,
		32,
		82,
		69,
		67,
		79,
		73,
		76,
		0,
		4,
		14,
		0,
		0,
		0,
		240,
		159,
		148,
		184,
		78,
		79,
		32,
		82,
		69,
		67,
		79,
		73,
		76,
		0,
		4,
		15,
		0,
		0,
		0,
		240,
		159,
		148,
		184,
		65,
		73,
		77,
		66,
		79,
		84,
		32,
		53,
		48,
		77,
		0,
		4,
		16,
		0,
		0,
		0,
		240,
		159,
		148,
		184,
		65,
		73,
		77,
		66,
		79,
		84,
		32,
		51,
		48,
		48,
		77,
		0,
		4,
		20,
		0,
		0,
		0,
		240,
		159,
		148,
		184,
		83,
		77,
		65,
		76,
		76,
		32,
		67,
		82,
		79,
		83,
		83,
		72,
		65,
		73,
		82,
		0,
		4,
		19,
		0,
		0,
		0,
		240,
		159,
		148,
		184,
		73,
		78,
		83,
		84,
		65,
		78,
		84,
		32,
		66,
		85,
		76,
		76,
		69,
		84,
		0,
		4,
		11,
		0,
		0,
		0,
		240,
		159,
		148,
		184,
		78,
		79,
		32,
		70,
		79,
		71,
		0,
		4,
		13,
		0,
		0,
		0,
		240,
		159,
		148,
		184,
		78,
		79,
		32,
		71,
		82,
		65,
		83,
		83,
		0,
		4,
		14,
		0,
		0,
		0,
		240,
		159,
		148,
		184,
		66,
		76,
		65,
		67,
		75,
		32,
		83,
		75,
		89,
		0,
		4,
		14,
		0,
		0,
		0,
		240,
		159,
		148,
		184,
		68,
		65,
		82,
		75,
		32,
		77,
		79,
		68,
		69,
		0,
		4,
		36,
		0,
		0,
		0,
		240,
		159,
		148,
		184,
		65,
		76,
		76,
		32,
		73,
		78,
		32,
		79,
		78,
		69,
		32,
		87,
		73,
		84,
		72,
		79,
		85,
		84,
		32,
		77,
		65,
		71,
		73,
		67,
		32,
		66,
		85,
		76,
		76,
		69,
		84,
		0,
		4,
		21,
		0,
		0,
		0,
		226,
		157,
		140,
		32,
		239,
		188,
		165,
		239,
		188,
		184,
		239,
		188,
		169,
		239,
		188,
		180,
		32,
		226,
		157,
		140,
		0,
		4,
		141,
		0,
		0,
		0,
		240,
		159,
		153,
		143,
		32,
		68,
		114,
		111,
		105,
		100,
		88,
		114,
		88,
		32,
		49,
		46,
		48,
		240,
		159,
		153,
		143,
		226,
		152,
		163,
		239,
		184,
		143,
		32,
		68,
		114,
		111,
		105,
		100,
		84,
		97,
		109,
		118,
		97,
		110,
		32,
		226,
		152,
		163,
		239,
		184,
		143,
		10,
		240,
		159,
		145,
		137,
		240,
		159,
		143,
		187,
		32,
		80,
		85,
		66,
		71,
		32,
		77,
		111,
		98,
		105,
		108,
		101,
		32,
		49,
		46,
		49,
		32,
		240,
		159,
		145,
		136,
		240,
		159,
		143,
		187,
		10,
		240,
		159,
		148,
		180,
		32,
		89,
		84,
		58,
		32,
		68,
		114,
		111,
		105,
		100,
		88,
		114,
		88,
		32,
		240,
		159,
		148,
		180,
		10,
		240,
		159,
		140,
		143,
		32,
		66,
		108,
		111,
		103,
		58,
		100,
		114,
		111,
		105,
		100,
		120,
		114,
		120,
		46,
		98,
		108,
		111,
		103,
		115,
		112,
		111,
		116,
		46,
		99,
		111,
		109,
		32,
		240,
		159,
		140,
		143,
		0,
		0,
		3,
		0,
		0,
		0,
		0,
		0,
		0,
		240,
		63,
		1,
		1,
		4,
		12,
		0,
		0,
		0,
		109,
		97,
		103,
		105,
		99,
		98,
		117,
		108,
		108,
		101,
		116,
		0,
		3,
		0,
		0,
		0,
		0,
		0,
		0,
		0,
		64,
		4,
		11,
		0,
		0,
		0,
		108,
		101,
		115,
		115,
		114,
		101,
		99,
		111,
		105,
		108,
		0,
		3,
		0,
		0,
		0,
		0,
		0,
		0,
		8,
		64,
		4,
		9,
		0,
		0,
		0,
		110,
		111,
		114,
		101,
		99,
		111,
		105,
		108,
		0,
		3,
		0,
		0,
		0,
		0,
		0,
		0,
		16,
		64,
		4,
		10,
		0,
		0,
		0,
		97,
		105,
		109,
		98,
		111,
		116,
		53,
		48,
		109,
		0,
		3,
		0,
		0,
		0,
		0,
		0,
		0,
		20,
		64,
		4,
		10,
		0,
		0,
		0,
		97,
		105,
		109,
		98,
		111,
		116,
		51,
		54,
		48,
		0,
		3,
		0,
		0,
		0,
		0,
		0,
		0,
		24,
		64,
		4,
		15,
		0,
		0,
		0,
		115,
		109,
		97,
		108,
		108,
		99,
		114,
		111,
		115,
		115,
		104,
		97,
		105,
		114,
		0,
		3,
		0,
		0,
		0,
		0,
		0,
		0,
		28,
		64,
		4,
		14,
		0,
		0,
		0,
		105,
		110,
		115,
		116,
		97,
		110,
		116,
		98,
		117,
		108,
		108,
		101,
		116,
		0,
		3,
		0,
		0,
		0,
		0,
		0,
		0,
		32,
		64,
		4,
		6,
		0,
		0,
		0,
		110,
		111,
		102,
		111,
		103,
		0,
		3,
		0,
		0,
		0,
		0,
		0,
		0,
		34,
		64,
		4,
		8,
		0,
		0,
		0,
		110,
		111,
		103,
		114,
		97,
		115,
		115,
		0,
		3,
		0,
		0,
		0,
		0,
		0,
		0,
		36,
		64,
		4,
		9,
		0,
		0,
		0,
		98,
		108,
		97,
		99,
		107,
		115,
		107,
		121,
		0,
		3,
		0,
		0,
		0,
		0,
		0,
		0,
		38,
		64,
		4,
		9,
		0,
		0,
		0,
		100,
		97,
		114,
		107,
		109,
		111,
		100,
		101,
		0,
		3,
		0,
		0,
		0,
		0,
		0,
		0,
		40,
		64,
		4,
		9,
		0,
		0,
		0,
		97,
		108,
		108,
		105,
		110,
		111,
		110,
		101,
		0,
		3,
		0,
		0,
		0,
		0,
		0,
		0,
		42,
		64,
		4,
		3,
		0,
		0,
		0,
		111,
		115,
		0,
		4,
		12,
		0,
		0,
		0,
		98,
		50,
		32,
		99,
		53,
		32,
		98,
		54,
		32,
		99,
		49,
		0,
		4,
		7,
		0,
		0,
		0,
		77,
		97,
		105,
		110,
		68,
		88,
		0,
		3,
		0,
		0,
		0,
		0,
		0,
		0,
		240,
		191,
		0,
		0,
		0,
		0,
		2,
		0,
		0,
		0,
		0,
		0,
		1,
		0,
		0,
		0,
		0,
		0,
		0,
		0,
		0,
		0,
		0,
		0,
		0,
		0,
		0,
		0,
		0,
		0,
		61,
		0,
		0,
		0,
		70,
		0,
		0,
		0,
		0,
		0,
		2,
		17,
		0,
		0,
		0,
		6,
		0,
		64,
		0,
		29,
		64,
		128,
		0,
		6,
		64,
		64,
		0,
		29,
		64,
		128,
		0,
		6,
		128,
		64,
		0,
		29,
		64,
		128,
		0,
		6,
		192,
		64,
		0,
		29,
		64,
		128,
		0,
		6,
		0,
		65,
		0,
		29,
		64,
		128,
		0,
		6,
		64,
		65,
		0,
		29,
		64,
		128,
		0,
		6,
		128,
		65,
		0,
		29,
		64,
		128,
		0,
		6,
		192,
		65,
		0,
		29,
		64,
		128,
		0,
		31,
		0,
		128,
		0,
		8,
		0,
		0,
		0,
		4,
		10,
		0,
		0,
		0,
		115,
		101,
		108,
		114,
		101,
		99,
		111,
		105,
		108,
		0,
		4,
		7,
		0,
		0,
		0,
		115,
		101,
		108,
		97,
		105,
		109,
		0,
		4,
		15,
		0,
		0,
		0,
		115,
		109,
		97,
		108,
		108,
		99,
		114,
		111,
		115,
		115,
		104,
		97,
		105,
		114,
		0,
		4,
		14,
		0,
		0,
		0,
		105,
		110,
		115,
		116,
		97,
		110,
		116,
		98,
		117,
		108,
		108,
		101,
		116,
		0,
		4,
		6,
		0,
		0,
		0,
		110,
		111,
		102,
		111,
		103,
		0,
		4,
		8,
		0,
		0,
		0,
		110,
		111,
		103,
		114,
		97,
		115,
		115,
		0,
		4,
		9,
		0,
		0,
		0,
		98,
		108,
		97,
		99,
		107,
		115,
		107,
		121,
		0,
		4,
		9,
		0,
		0,
		0,
		100,
		97,
		114,
		107,
		109,
		111,
		100,
		101,
		0,
		0,
		0,
		0,
		0,
		1,
		0,
		0,
		0,
		0,
		0,
		0,
		0,
		0,
		0,
		0,
		0,
		0,
		0,
		0,
		0,
		0,
		0,
		0,
		0,
		0,
		0,
		72,
		0,
		0,
		0,
		80,
		0,
		0,
		0,
		0,
		0,
		4,
		22,
		0,
		0,
		0,
		6,
		0,
		64,
		0,
		69,
		0,
		128,
		0,
		129,
		64,
		0,
		0,
		93,
		128,
		0,
		1,
		7,
		64,
		0,
		0,
		65,
		128,
		0,
		0,
		129,
		192,
		0,
		0,
		193,
		0,
		1,
		0,
		29,
		128,
		0,
		2,
		24,
		64,
		65,
		0,
		23,
		64,
		0,
		128,
		31,
		0,
		128,
		0,
		23,
		192,
		1,
		128,
		24,
		128,
		65,
		0,
		23,
		64,
		0,
		128,
		70,
		192,
		65,
		0,
		93,
		64,
		128,
		0,
		24,
		0,
		66,
		0,
		23,
		64,
		0,
		128,
		70,
		64,
		66,
		0,
		93,
		64,
		128,
		0,
		31,
		0,
		128,
		0,
		10,
		0,
		0,
		0,
		4,
		3,
		0,
		0,
		0,
		103,
		103,
		0,
		4,
		15,
		0,
		0,
		0,
		97,
		101,
		32,
		98,
		57,
		32,
		98,
		50,
		32,
		98,
		102,
		32,
		99,
		49,
		0,
		4,
		22,
		0,
		0,
		0,
		83,
		101,
		108,
		101,
		99,
		116,
		32,
		82,
		101,
		99,
		111,
		105,
		108,
		32,
		86,
		101,
		114,
		115,
		105,
		111,
		110,
		0,
		4,
		12,
		0,
		0,
		0,
		76,
		69,
		83,
		83,
		32,
		82,
		69,
		67,
		79,
		73,
		76,
		0,
		4,
		10,
		0,
		0,
		0,
		78,
		79,
		32,
		82,
		69,
		67,
		79,
		73,
		76,
		0,
		0,
		3,
		0,
		0,
		0,
		0,
		0,
		0,
		240,
		63,
		4,
		11,
		0,
		0,
		0,
		108,
		101,
		115,
		115,
		114,
		101,
		99,
		111,
		105,
		108,
		0,
		3,
		0,
		0,
		0,
		0,
		0,
		0,
		0,
		64,
		4,
		9,
		0,
		0,
		0,
		110,
		111,
		114,
		101,
		99,
		111,
		105,
		108,
		0,
		0,
		0,
		0,
		0,
		2,
		0,
		0,
		0,
		0,
		0,
		1,
		0,
		0,
		0,
		0,
		0,
		0,
		0,
		0,
		0,
		0,
		0,
		0,
		0,
		0,
		0,
		0,
		0,
		82,
		0,
		0,
		0,
		90,
		0,
		0,
		0,
		0,
		0,
		4,
		22,
		0,
		0,
		0,
		6,
		0,
		64,
		0,
		69,
		0,
		128,
		0,
		129,
		64,
		0,
		0,
		93,
		128,
		0,
		1,
		7,
		64,
		0,
		0,
		65,
		128,
		0,
		0,
		129,
		192,
		0,
		0,
		193,
		0,
		1,
		0,
		29,
		128,
		0,
		2,
		24,
		64,
		65,
		0,
		23,
		64,
		0,
		128,
		31,
		0,
		128,
		0,
		23,
		192,
		1,
		128,
		24,
		128,
		65,
		0,
		23,
		64,
		0,
		128,
		70,
		192,
		65,
		0,
		93,
		64,
		128,
		0,
		24,
		0,
		66,
		0,
		23,
		64,
		0,
		128,
		70,
		64,
		66,
		0,
		93,
		64,
		128,
		0,
		31,
		0,
		128,
		0,
		10,
		0,
		0,
		0,
		4,
		3,
		0,
		0,
		0,
		103,
		103,
		0,
		4,
		15,
		0,
		0,
		0,
		97,
		101,
		32,
		98,
		57,
		32,
		98,
		50,
		32,
		98,
		102,
		32,
		99,
		49,
		0,
		4,
		22,
		0,
		0,
		0,
		83,
		101,
		108,
		101,
		99,
		116,
		32,
		65,
		73,
		77,
		66,
		79,
		84,
		32,
		86,
		101,
		114,
		115,
		105,
		111,
		110,
		0,
		4,
		11,
		0,
		0,
		0,
		65,
		73,
		77,
		66,
		79,
		84,
		32,
		53,
		48,
		77,
		0,
		4,
		12,
		0,
		0,
		0,
		65,
		73,
		77,
		66,
		79,
		84,
		32,
		51,
		48,
		48,
		77,
		0,
		0,
		3,
		0,
		0,
		0,
		0,
		0,
		0,
		240,
		63,
		4,
		10,
		0,
		0,
		0,
		97,
		105,
		109,
		98,
		111,
		116,
		53,
		48,
		109,
		0,
		3,
		0,
		0,
		0,
		0,
		0,
		0,
		0,
		64,
		4,
		10,
		0,
		0,
		0,
		97,
		105,
		109,
		98,
		111,
		116,
		51,
		54,
		48,
		0,
		0,
		0,
		0,
		0,
		2,
		0,
		0,
		0,
		0,
		0,
		1,
		0,
		0,
		0,
		0,
		0,
		0,
		0,
		0,
		0,
		0,
		0,
		0,
		0,
		0,
		0,
		0,
		0,
		92,
		0,
		0,
		0,
		96,
		0,
		0,
		0,
		0,
		0,
		5,
		20,
		0,
		0,
		0,
		6,
		0,
		64,
		0,
		65,
		64,
		0,
		0,
		129,
		128,
		0,
		0,
		193,
		192,
		0,
		0,
		1,
		1,
		1,
		0,
		29,
		64,
		128,
		2,
		6,
		0,
		64,
		0,
		65,
		64,
		0,
		0,
		129,
		64,
		1,
		0,
		193,
		192,
		0,
		0,
		1,
		129,
		1,
		0,
		29,
		64,
		128,
		2,
		6,
		192,
		65,
		0,
		69,
		0,
		128,
		0,
		129,
		0,
		2,
		0,
		93,
		128,
		0,
		1,
		7,
		64,
		0,
		0,
		65,
		64,
		2,
		0,
		29,
		64,
		0,
		1,
		31,
		0,
		128,
		0,
		10,
		0,
		0,
		0,
		4,
		7,
		0,
		0,
		0,
		99,
		104,
		97,
		110,
		103,
		101,
		0,
		4,
		10,
		0,
		0,
		0,
		108,
		105,
		98,
		85,
		69,
		52,
		46,
		115,
		111,
		0,
		3,
		0,
		0,
		0,
		64,
		60,
		178,
		141,
		65,
		3,
		0,
		0,
		0,
		0,
		0,
		0,
		48,
		64,
		3,
		0,
		0,
		0,
		0,
		0,
		64,
		83,
		64,
		3,
		0,
		0,
		0,
		192,
		239,
		34,
		116,
		65,
		3,
		154,
		153,
		153,
		153,
		153,
		153,
		233,
		63,
		4,
		3,
		0,
		0,
		0,
		103,
		103,
		0,
		4,
		15,
		0,
		0,
		0,
		99,
		49,
		32,
		98,
		99,
		32,
		97,
		101,
		32,
		99,
		48,
		32,
		99,
		49,
		0,
		4,
		19,
		0,
		0,
		0,
		77,
		97,
		103,
		105,
		99,
		32,
		66,
		117,
		108,
		108,
		101,
		116,
		32,
		68,
		111,
		110,
		101,
		33,
		0,
		0,
		0,
		0,
		0,
		2,
		0,
		0,
		0,
		0,
		0,
		1,
		0,
		0,
		0,
		0,
		0,
		0,
		0,
		0,
		0,
		0,
		0,
		0,
		0,
		0,
		0,
		0,
		0,
		98,
		0,
		0,
		0,
		106,
		0,
		0,
		0,
		0,
		0,
		3,
		53,
		0,
		0,
		0,
		6,
		0,
		64,
		0,
		69,
		0,
		128,
		0,
		129,
		64,
		0,
		0,
		93,
		128,
		0,
		1,
		7,
		64,
		0,
		0,
		29,
		64,
		128,
		0,
		6,
		0,
		64,
		0,
		69,
		0,
		128,
		0,
		129,
		128,
		0,
		0,
		93,
		128,
		0,
		1,
		7,
		64,
		0,
		0,
		70,
		0,
		64,
		0,
		71,
		192,
		192,
		0,
		29,
		64,
		0,
		1,
		6,
		0,
		64,
		0,
		69,
		0,
		128,
		0,
		129,
		0,
		1,
		0,
		93,
		128,
		0,
		1,
		7,
		64,
		0,
		0,
		65,
		64,
		1,
		0,
		134,
		0,
		64,
		0,
		135,
		128,
		65,
		1,
		29,
		64,
		128,
		1,
		6,
		0,
		64,
		0,
		69,
		0,
		128,
		0,
		129,
		192,
		1,
		0,
		93,
		128,
		0,
		1,
		7,
		64,
		0,
		0,
		65,
		0,
		2,
		0,
		29,
		64,
		0,
		1,
		6,
		0,
		64,
		0,
		69,
		0,
		128,
		0,
		129,
		64,
		2,
		0,
		93,
		128,
		0,
		1,
		7,
		64,
		0,
		0,
		65,
		128,
		2,
		0,
		134,
		0,
		64,
		0,
		135,
		128,
		65,
		1,
		29,
		64,
		128,
		1,
		6,
		0,
		64,
		0,
		69,
		0,
		128,
		0,
		129,
		64,
		0,
		0,
		93,
		128,
		0,
		1,
		7,
		64,
		0,
		0,
		29,
		64,
		128,
		0,
		6,
		0,
		64,
		0,
		69,
		0,
		128,
		0,
		129,
		192,
		2,
		0,
		93,
		128,
		0,
		1,
		7,
		64,
		0,
		0,
		65,
		0,
		3,
		0,
		29,
		64,
		0,
		1,
		31,
		0,
		128,
		0,
		13,
		0,
		0,
		0,
		4,
		3,
		0,
		0,
		0,
		103,
		103,
		0,
		4,
		36,
		0,
		0,
		0,
		98,
		48,
		32,
		98,
		57,
		32,
		98,
		50,
		32,
		97,
		101,
		32,
		98,
		102,
		32,
		57,
		102,
		32,
		98,
		50,
		32,
		99,
		48,
		32,
		99,
		50,
		32,
		98,
		57,
		32,
		99,
		49,
		32,
		99,
		48,
		0,
		4,
		27,
		0,
		0,
		0,
		99,
		48,
		32,
		98,
		50,
		32,
		99,
		49,
		32,
		57,
		102,
		32,
		97,
		101,
		32,
		98,
		98,
		32,
		98,
		52,
		32,
		98,
		50,
		32,
		99,
		48,
		0,
		4,
		14,
		0,
		0,
		0,
		82,
		69,
		71,
		73,
		79,
		78,
		95,
		67,
		95,
		68,
		65,
		84,
		65,
		0,
		4,
		36,
		0,
		0,
		0,
		99,
		48,
		32,
		98,
		50,
		32,
		97,
		101,
		32,
		98,
		102,
		32,
		98,
		48,
		32,
		98,
		53,
		32,
		57,
		98,
		32,
		99,
		50,
		32,
		98,
		97,
		32,
		97,
		102,
		32,
		98,
		50,
		32,
		98,
		102,
		0,
		4,
		43,
		0,
		0,
		0,
		45,
		50,
		57,
		56,
		44,
		56,
		52,
		49,
		44,
		54,
		48,
		48,
		59,
		45,
		50,
		57,
		56,
		44,
		56,
		52,
		49,
		44,
		53,
		57,
		57,
		59,
		45,
		51,
		48,
		48,
		44,
		57,
		51,
		56,
		44,
		55,
		51,
		54,
		58,
		53,
		48,
		57,
		0,
		4,
		11,
		0,
		0,
		0,
		84,
		89,
		80,
		69,
		95,
		68,
		87,
		79,
		82,
		68,
		0,
		4,
		30,
		0,
		0,
		0,
		98,
		52,
		32,
		98,
		50,
		32,
		99,
		49,
		32,
		57,
		102,
		32,
		98,
		50,
		32,
		99,
		48,
		32,
		99,
		50,
		32,
		98,
		57,
		32,
		99,
		49,
		32,
		99,
		48,
		0,
		3,
		0,
		0,
		0,
		0,
		0,
		0,
		89,
		64,
		4,
		21,
		0,
		0,
		0,
		98,
		50,
		32,
		98,
		49,
		32,
		98,
		54,
		32,
		99,
		49,
		32,
		56,
		101,
		32,
		98,
		57,
		32,
		98,
		57,
		0,
		4,
		2,
		0,
		0,
		0,
		48,
		0,
		4,
		15,
		0,
		0,
		0,
		99,
		49,
		32,
		98,
		99,
		32,
		97,
		101,
		32,
		99,
		48,
		32,
		99,
		49,
		0,
		4,
		18,
		0,
		0,
		0,
		76,
		101,
		115,
		115,
		32,
		82,
		101,
		99,
		111,
		105,
		108,
		32,
		68,
		111,
		110,
		101,
		33,
		0,
		0,
		0,
		0,
		0,
		2,
		0,
		0,
		0,
		0,
		0,
		1,
		0,
		0,
		0,
		0,
		0,
		0,
		0,
		0,
		0,
		0,
		0,
		0,
		0,
		0,
		0,
		0,
		0,
		108,
		0,
		0,
		0,
		115,
		0,
		0,
		0,
		0,
		0,
		5,
		34,
		0,
		0,
		0,
		6,
		0,
		64,
		0,
		29,
		64,
		128,
		0,
		6,
		64,
		64,
		0,
		65,
		128,
		0,
		0,
		129,
		192,
		0,
		0,
		193,
		0,
		1,
		0,
		1,
		65,
		1,
		0,
		29,
		64,
		128,
		2,
		6,
		64,
		64,
		0,
		65,
		128,
		0,
		0,
		129,
		128,
		1,
		0,
		193,
		0,
		1,
		0,
		1,
		65,
		1,
		0,
		29,
		64,
		128,
		2,
		6,
		64,
		64,
		0,
		65,
		128,
		0,
		0,
		129,
		192,
		1,
		0,
		193,
		0,
		1,
		0,
		1,
		1,
		2,
		0,
		29,
		64,
		128,
		2,
		6,
		64,
		64,
		0,
		65,
		128,
		0,
		0,
		129,
		64,
		2,
		0,
		193,
		0,
		1,
		0,
		1,
		129,
		2,
		0,
		29,
		64,
		128,
		2,
		6,
		192,
		66,
		0,
		69,
		0,
		128,
		0,
		129,
		0,
		3,
		0,
		93,
		128,
		0,
		1,
		7,
		64,
		0,
		0,
		65,
		64,
		3,
		0,
		29,
		64,
		0,
		1,
		31,
		0,
		128,
		0,
		14,
		0,
		0,
		0,
		4,
		11,
		0,
		0,
		0,
		108,
		101,
		115,
		115,
		114,
		101,
		99,
		111,
		105,
		108,
		0,
		4,
		7,
		0,
		0,
		0,
		99,
		104,
		97,
		110,
		103,
		101,
		0,
		4,
		10,
		0,
		0,
		0,
		108,
		105,
		98,
		85,
		69,
		52,
		46,
		115,
		111,
		0,
		3,
		0,
		0,
		0,
		128,
		228,
		10,
		115,
		65,
		3,
		0,
		0,
		0,
		0,
		0,
		0,
		16,
		64,
		3,
		0,
		0,
		0,
		0,
		0,
		0,
		0,
		0,
		3,
		0,
		0,
		0,
		32,
		100,
		63,
		139,
		65,
		3,
		0,
		0,
		0,
		64,
		199,
		183,
		123,
		65,
		3,
		0,
		0,
		0,
		0,
		0,
		128,
		81,
		64,
		3,
		0,
		0,
		0,
		0,
		101,
		149,
		111,
		65,
		3,
		0,
		0,
		64,
		0,
		0,
		128,
		222,
		65,
		4,
		3,
		0,
		0,
		0,
		103,
		103,
		0,
		4,
		15,
		0,
		0,
		0,
		99,
		49,
		32,
		98,
		99,
		32,
		97,
		101,
		32,
		99,
		48,
		32,
		99,
		49,
		0,
		4,
		16,
		0,
		0,
		0,
		78,
		111,
		32,
		82,
		101,
		99,
		111,
		105,
		108,
		32,
		68,
		111,
		110,
		101,
		33,
		0,
		0,
		0,
		0,
		0,
		2,
		0,
		0,
		0,
		0,
		0,
		1,
		0,
		0,
		0,
		0,
		0,
		0,
		0,
		0,
		0,
		0,
		0,
		0,
		0,
		0,
		0,
		0,
		0,
		117,
		0,
		0,
		0,
		120,
		0,
		0,
		0,
		0,
		0,
		5,
		14,
		0,
		0,
		0,
		6,
		0,
		64,
		0,
		65,
		64,
		0,
		0,
		129,
		128,
		0,
		0,
		193,
		192,
		0,
		0,
		1,
		1,
		1,
		0,
		29,
		64,
		128,
		2,
		6,
		64,
		65,
		0,
		69,
		0,
		128,
		0,
		129,
		128,
		1,
		0,
		93,
		128,
		0,
		1,
		7,
		64,
		0,
		0,
		65,
		192,
		1,
		0,
		29,
		64,
		0,
		1,
		31,
		0,
		128,
		0,
		8,
		0,
		0,
		0,
		4,
		7,
		0,
		0,
		0,
		99,
		104,
		97,
		110,
		103,
		101,
		0,
		4,
		10,
		0,
		0,
		0,
		108,
		105,
		98,
		85,
		69,
		52,
		46,
		115,
		111,
		0,
		3,
		0,
		0,
		0,
		128,
		165,
		83,
		130,
		65,
		3,
		0,
		0,
		0,
		0,
		0,
		0,
		48,
		64,
		3,
		0,
		0,
		0,
		0,
		0,
		0,
		0,
		0,
		4,
		3,
		0,
		0,
		0,
		103,
		103,
		0,
		4,
		15,
		0,
		0,
		0,
		99,
		49,
		32,
		98,
		99,
		32,
		97,
		101,
		32,
		99,
		48,
		32,
		99,
		49,
		0,
		4,
		17,
		0,
		0,
		0,
		65,
		105,
		109,
		98,
		111,
		116,
		32,
		53,
		48,
		77,
		32,
		68,
		111,
		110,
		101,
		33,
		0,
		0,
		0,
		0,
		0,
		2,
		0,
		0,
		0,
		0,
		0,
		1,
		0,
		0,
		0,
		0,
		0,
		0,
		0,
		0,
		0,
		0,
		0,
		0,
		0,
		0,
		0,
		0,
		0,
		122,
		0,
		0,
		0,
		125,
		0,
		0,
		0,
		0,
		0,
		5,
		14,
		0,
		0,
		0,
		6,
		0,
		64,
		0,
		65,
		64,
		0,
		0,
		129,
		128,
		0,
		0,
		193,
		192,
		0,
		0,
		1,
		1,
		1,
		0,
		29,
		64,
		128,
		2,
		6,
		64,
		65,
		0,
		69,
		0,
		128,
		0,
		129,
		128,
		1,
		0,
		93,
		128,
		0,
		1,
		7,
		64,
		0,
		0,
		65,
		192,
		1,
		0,
		29,
		64,
		0,
		1,
		31,
		0,
		128,
		0,
		8,
		0,
		0,
		0,
		4,
		7,
		0,
		0,
		0,
		99,
		104,
		97,
		110,
		103,
		101,
		0,
		4,
		10,
		0,
		0,
		0,
		108,
		105,
		98,
		85,
		69,
		52,
		46,
		115,
		111,
		0,
		3,
		0,
		0,
		0,
		0,
		254,
		98,
		123,
		65,
		3,
		0,
		0,
		0,
		0,
		0,
		0,
		16,
		64,
		3,
		0,
		0,
		0,
		0,
		0,
		0,
		0,
		0,
		4,
		3,
		0,
		0,
		0,
		103,
		103,
		0,
		4,
		15,
		0,
		0,
		0,
		99,
		49,
		32,
		98,
		99,
		32,
		97,
		101,
		32,
		99,
		48,
		32,
		99,
		49,
		0,
		4,
		22,
		0,
		0,
		0,
		83,
		109,
		97,
		108,
		108,
		32,
		67,
		114,
		111,
		115,
		115,
		72,
		97,
		105,
		114,
		32,
		68,
		111,
		110,
		101,
		33,
		0,
		0,
		0,
		0,
		0,
		2,
		0,
		0,
		0,
		0,
		0,
		1,
		0,
		0,
		0,
		0,
		0,
		0,
		0,
		0,
		0,
		0,
		0,
		0,
		0,
		0,
		0,
		0,
		0,
		127,
		0,
		0,
		0,
		130,
		0,
		0,
		0,
		0,
		0,
		5,
		14,
		0,
		0,
		0,
		6,
		0,
		64,
		0,
		65,
		64,
		0,
		0,
		129,
		128,
		0,
		0,
		193,
		192,
		0,
		0,
		1,
		1,
		1,
		0,
		29,
		64,
		128,
		2,
		6,
		64,
		65,
		0,
		69,
		0,
		128,
		0,
		129,
		128,
		1,
		0,
		93,
		128,
		0,
		1,
		7,
		64,
		0,
		0,
		65,
		192,
		1,
		0,
		29,
		64,
		0,
		1,
		31,
		0,
		128,
		0,
		8,
		0,
		0,
		0,
		4,
		7,
		0,
		0,
		0,
		99,
		104,
		97,
		110,
		103,
		101,
		0,
		4,
		10,
		0,
		0,
		0,
		108,
		105,
		98,
		85,
		69,
		52,
		46,
		115,
		111,
		0,
		3,
		0,
		0,
		0,
		32,
		221,
		224,
		139,
		65,
		3,
		0,
		0,
		0,
		0,
		0,
		0,
		16,
		64,
		3,
		0,
		0,
		0,
		0,
		0,
		0,
		0,
		0,
		4,
		3,
		0,
		0,
		0,
		103,
		103,
		0,
		4,
		15,
		0,
		0,
		0,
		99,
		49,
		32,
		98,
		99,
		32,
		97,
		101,
		32,
		99,
		48,
		32,
		99,
		49,
		0,
		4,
		21,
		0,
		0,
		0,
		73,
		110,
		115,
		116,
		97,
		110,
		116,
		32,
		66,
		117,
		108,
		108,
		101,
		116,
		32,
		68,
		111,
		110,
		101,
		33,
		0,
		0,
		0,
		0,
		0,
		2,
		0,
		0,
		0,
		0,
		0,
		1,
		0,
		0,
		0,
		0,
		0,
		0,
		0,
		0,
		0,
		0,
		0,
		0,
		0,
		0,
		0,
		0,
		0,
		132,
		0,
		0,
		0,
		135,
		0,
		0,
		0,
		0,
		0,
		5,
		14,
		0,
		0,
		0,
		6,
		0,
		64,
		0,
		65,
		64,
		0,
		0,
		129,
		128,
		0,
		0,
		193,
		192,
		0,
		0,
		1,
		1,
		1,
		0,
		29,
		64,
		128,
		2,
		6,
		64,
		65,
		0,
		69,
		0,
		128,
		0,
		129,
		128,
		1,
		0,
		93,
		128,
		0,
		1,
		7,
		64,
		0,
		0,
		65,
		192,
		1,
		0,
		29,
		64,
		0,
		1,
		31,
		0,
		128,
		0,
		8,
		0,
		0,
		0,
		4,
		7,
		0,
		0,
		0,
		99,
		104,
		97,
		110,
		103,
		101,
		0,
		4,
		10,
		0,
		0,
		0,
		108,
		105,
		98,
		85,
		69,
		52,
		46,
		115,
		111,
		0,
		3,
		0,
		0,
		0,
		64,
		38,
		26,
		134,
		65,
		3,
		0,
		0,
		0,
		0,
		0,
		0,
		16,
		64,
		3,
		0,
		0,
		0,
		0,
		0,
		0,
		0,
		0,
		4,
		3,
		0,
		0,
		0,
		103,
		103,
		0,
		4,
		15,
		0,
		0,
		0,
		99,
		49,
		32,
		98,
		99,
		32,
		97,
		101,
		32,
		99,
		48,
		32,
		99,
		49,
		0,
		4,
		13,
		0,
		0,
		0,
		78,
		111,
		32,
		70,
		111,
		103,
		32,
		68,
		111,
		110,
		101,
		33,
		0,
		0,
		0,
		0,
		0,
		2,
		0,
		0,
		0,
		0,
		0,
		1,
		0,
		0,
		0,
		0,
		0,
		0,
		0,
		0,
		0,
		0,
		0,
		0,
		0,
		0,
		0,
		0,
		0,
		137,
		0,
		0,
		0,
		140,
		0,
		0,
		0,
		0,
		0,
		5,
		14,
		0,
		0,
		0,
		6,
		0,
		64,
		0,
		65,
		64,
		0,
		0,
		129,
		128,
		0,
		0,
		193,
		192,
		0,
		0,
		1,
		1,
		1,
		0,
		29,
		64,
		128,
		2,
		6,
		64,
		65,
		0,
		69,
		0,
		128,
		0,
		129,
		128,
		1,
		0,
		93,
		128,
		0,
		1,
		7,
		64,
		0,
		0,
		65,
		192,
		1,
		0,
		29,
		64,
		0,
		1,
		31,
		0,
		128,
		0,
		8,
		0,
		0,
		0,
		4,
		7,
		0,
		0,
		0,
		99,
		104,
		97,
		110,
		103,
		101,
		0,
		4,
		10,
		0,
		0,
		0,
		108,
		105,
		98,
		85,
		69,
		52,
		46,
		115,
		111,
		0,
		3,
		0,
		0,
		0,
		192,
		234,
		58,
		130,
		65,
		3,
		0,
		0,
		0,
		0,
		0,
		0,
		48,
		64,
		3,
		0,
		0,
		0,
		0,
		0,
		0,
		0,
		0,
		4,
		3,
		0,
		0,
		0,
		103,
		103,
		0,
		4,
		15,
		0,
		0,
		0,
		99,
		49,
		32,
		98,
		99,
		32,
		97,
		101,
		32,
		99,
		48,
		32,
		99,
		49,
		0,
		4,
		15,
		0,
		0,
		0,
		78,
		111,
		32,
		71,
		114,
		97,
		115,
		115,
		32,
		68,
		111,
		110,
		101,
		33,
		0,
		0,
		0,
		0,
		0,
		2,
		0,
		0,
		0,
		0,
		0,
		1,
		0,
		0,
		0,
		0,
		0,
		0,
		0,
		0,
		0,
		0,
		0,
		0,
		0,
		0,
		0,
		0,
		0,
		142,
		0,
		0,
		0,
		145,
		0,
		0,
		0,
		0,
		0,
		5,
		14,
		0,
		0,
		0,
		6,
		0,
		64,
		0,
		65,
		64,
		0,
		0,
		129,
		128,
		0,
		0,
		193,
		192,
		0,
		0,
		1,
		1,
		1,
		0,
		29,
		64,
		128,
		2,
		6,
		64,
		65,
		0,
		69,
		0,
		128,
		0,
		129,
		128,
		1,
		0,
		93,
		128,
		0,
		1,
		7,
		64,
		0,
		0,
		65,
		192,
		1,
		0,
		29,
		64,
		0,
		1,
		31,
		0,
		128,
		0,
		8,
		0,
		0,
		0,
		4,
		7,
		0,
		0,
		0,
		99,
		104,
		97,
		110,
		103,
		101,
		0,
		4,
		10,
		0,
		0,
		0,
		108,
		105,
		98,
		85,
		69,
		52,
		46,
		115,
		111,
		0,
		3,
		0,
		0,
		0,
		128,
		98,
		240,
		140,
		65,
		3,
		0,
		0,
		0,
		0,
		0,
		0,
		16,
		64,
		3,
		0,
		0,
		0,
		84,
		14,
		54,
		210,
		193,
		4,
		3,
		0,
		0,
		0,
		103,
		103,
		0,
		4,
		15,
		0,
		0,
		0,
		99,
		49,
		32,
		98,
		99,
		32,
		97,
		101,
		32,
		99,
		48,
		32,
		99,
		49,
		0,
		4,
		16,
		0,
		0,
		0,
		66,
		108,
		97,
		99,
		107,
		32,
		83,
		107,
		121,
		32,
		68,
		111,
		110,
		101,
		33,
		0,
		0,
		0,
		0,
		0,
		2,
		0,
		0,
		0,
		0,
		0,
		1,
		0,
		0,
		0,
		0,
		0,
		0,
		0,
		0,
		0,
		0,
		0,
		0,
		0,
		0,
		0,
		0,
		0,
		147,
		0,
		0,
		0,
		150,
		0,
		0,
		0,
		0,
		0,
		5,
		14,
		0,
		0,
		0,
		6,
		0,
		64,
		0,
		65,
		64,
		0,
		0,
		129,
		128,
		0,
		0,
		193,
		192,
		0,
		0,
		1,
		1,
		1,
		0,
		29,
		64,
		128,
		2,
		6,
		64,
		65,
		0,
		69,
		0,
		128,
		0,
		129,
		128,
		1,
		0,
		93,
		128,
		0,
		1,
		7,
		64,
		0,
		0,
		65,
		192,
		1,
		0,
		29,
		64,
		0,
		1,
		31,
		0,
		128,
		0,
		8,
		0,
		0,
		0,
		4,
		7,
		0,
		0,
		0,
		99,
		104,
		97,
		110,
		103,
		101,
		0,
		4,
		10,
		0,
		0,
		0,
		108,
		105,
		98,
		85,
		69,
		52,
		46,
		115,
		111,
		0,
		3,
		0,
		0,
		0,
		224,
		23,
		4,
		135,
		65,
		3,
		0,
		0,
		0,
		0,
		0,
		0,
		48,
		64,
		3,
		0,
		0,
		0,
		32,
		72,
		37,
		214,
		197,
		4,
		3,
		0,
		0,
		0,
		103,
		103,
		0,
		4,
		15,
		0,
		0,
		0,
		99,
		49,
		32,
		98,
		99,
		32,
		97,
		101,
		32,
		99,
		48,
		32,
		99,
		49,
		0,
		4,
		16,
		0,
		0,
		0,
		68,
		97,
		114,
		107,
		32,
		77,
		111,
		100,
		101,
		32,
		68,
		111,
		110,
		101,
		33,
		0,
		0,
		0,
		0,
		0,
		2,
		0,
		0,
		0,
		0,
		0,
		1,
		0,
		0,
		0,
		0,
		0,
		0,
		0,
		0,
		0,
		0,
		0,
		0,
		0,
		0,
		0,
		0,
		0,
		152,
		0,
		0,
		0,
		156,
		0,
		0,
		0,
		0,
		0,
		5,
		20,
		0,
		0,
		0,
		6,
		0,
		64,
		0,
		65,
		64,
		0,
		0,
		129,
		128,
		0,
		0,
		193,
		192,
		0,
		0,
		1,
		1,
		1,
		0,
		29,
		64,
		128,
		2,
		6,
		0,
		64,
		0,
		65,
		64,
		0,
		0,
		129,
		64,
		1,
		0,
		193,
		128,
		1,
		0,
		1,
		193,
		1,
		0,
		29,
		64,
		128,
		2,
		6,
		0,
		66,
		0,
		69,
		0,
		128,
		0,
		129,
		64,
		2,
		0,
		93,
		128,
		0,
		1,
		7,
		64,
		0,
		0,
		65,
		128,
		2,
		0,
		29,
		64,
		0,
		1,
		31,
		0,
		128,
		0,
		11,
		0,
		0,
		0,
		4,
		7,
		0,
		0,
		0,
		99,
		104,
		97,
		110,
		103,
		101,
		0,
		4,
		10,
		0,
		0,
		0,
		108,
		105,
		98,
		85,
		69,
		52,
		46,
		115,
		111,
		0,
		3,
		0,
		0,
		0,
		128,
		202,
		101,
		111,
		65,
		3,
		0,
		0,
		0,
		0,
		0,
		0,
		16,
		64,
		3,
		0,
		0,
		64,
		0,
		0,
		128,
		222,
		65,
		3,
		0,
		0,
		0,
		224,
		165,
		83,
		130,
		65,
		3,
		0,
		0,
		0,
		0,
		0,
		0,
		48,
		64,
		3,
		0,
		0,
		0,
		0,
		0,
		0,
		0,
		0,
		4,
		3,
		0,
		0,
		0,
		103,
		103,
		0,
		4,
		15,
		0,
		0,
		0,
		99,
		49,
		32,
		98,
		99,
		32,
		97,
		101,
		32,
		99,
		48,
		32,
		99,
		49,
		0,
		4,
		18,
		0,
		0,
		0,
		65,
		105,
		109,
		98,
		111,
		116,
		32,
		51,
		48,
		48,
		77,
		32,
		68,
		111,
		110,
		101,
		33,
		0,
		0,
		0,
		0,
		0,
		2,
		0,
		0,
		0,
		0,
		0,
		1,
		0,
		0,
		0,
		0,
		0,
		0,
		0,
		0,
		0,
		0,
		0,
		0,
		0,
		0,
		0,
		0,
		0,
		1,
		0,
		0,
		0,
		1,
		0,
		0,
		0,
		0,
		0,
		0,
		0,
		0,
		0,
		0,
		0,
		0,
		0,
		0,
		0,
		0,
		0,
	})))()
end
script()
