--[==============================[


🔔 Simple Encryption By Top GEO V9
🔥 Encrypt HEX»BIN»BYTE
⛔ Anti Load
⛔ Blocks Unluac
⛔ Blocks AutoDecompiler.lua
♻ Don't Remove Any Credits 
📛 Don't Edit Encrypted Script Or May 
      Be It Won't Work

--]==============================]

TG = "🛡️ Encrypt Tool By Top GEO V9 🛡️" -- Dont Edit This Credit Or Script Will Not Work .

function script()
	------------------------------------------------------
	-- Bytes Executer Simple Formula
	function Executer(bytes)
		byte = ""
		for i in ipairs(bytes) do
			byte = byte .. string.char(bytes[i])
		end
		return byte
	end
	------------------------------------------------------

	load(string.char(table.unpack({
		27,
		76,
		117,
		97,
		84,
		71,
		0,
		4,
		4,
		4,
		8,
		0,
		25,
		147,
		13,
		10,
		26,
		10,
		0,
		0,
		0,
		0,
		0,
		0,
		0,
		0,
		0,
		1,
		53,
		0,
		0,
		0,
		255,
		0,
		0,
		0,
		37,
		128,
		0,
		0,
		8,
		0,
		64,
		64,
		6,
		0,
		64,
		128,
		88,
		128,
		32,
		64,
		23,
		0,
		64,
		64,
		6,
		0,
		64,
		192,
		70,
		13,
		128,
		0,
		139,
		0,
		1,
		0,
		193,
		0,
		1,
		65,
		1,
		0,
		1,
		129,
		65,
		0,
		1,
		193,
		129,
		0,
		2,
		1,
		193,
		0,
		2,
		66,
		1,
		0,
		2,
		130,
		65,
		0,
		2,
		194,
		129,
		0,
		3,
		2,
		193,
		0,
		3,
		67,
		1,
		0,
		3,
		131,
		65,
		0,
		3,
		195,
		129,
		0,
		4,
		3,
		193,
		0,
		4,
		68,
		1,
		0,
		4,
		132,
		65,
		0,
		2,
		196,
		129,
		0,
		4,
		196,
		193,
		0,
		5,
		5,
		1,
		0,
		5,
		5,
		65,
		0,
		5,
		69,
		129,
		0,
		2,
		197,
		193,
		0,
		5,
		134,
		1,
		0,
		4,
		6,
		65,
		0,
		2,
		198,
		129,
		0,
		4,
		198,
		193,
		0,
		5,
		7,
		1,
		0,
		4,
		71,
		65,
		0,
		2,
		199,
		129,
		0,
		5,
		199,
		193,
		0,
		3,
		8,
		1,
		0,
		6,
		8,
		65,
		0,
		2,
		200,
		129,
		0,
		6,
		72,
		193,
		0,
		6,
		137,
		1,
		0,
		2,
		201,
		65,
		0,
		1,
		9,
		129,
		0,
		1,
		73,
		193,
		0,
		1,
		138,
		1,
		0,
		1,
		202,
		65,
		0,
		2,
		10,
		129,
		0,
		2,
		74,
		193,
		0,
		2,
		139,
		1,
		21,
		0,
		64,
		164,
		1,
		0,
		128,
		93,
		0,
		0,
		64,
		88,
		128,
		34,
		64,
		23,
		0,
		70,
		192,
		6,
		0,
		64,
		192,
		70,
		15,
		0,
		0,
		139,
		0,
		7,
		0,
		193,
		0,
		7,
		65,
		1,
		0,
		7,
		129,
		65,
		0,
		2,
		193,
		129,
		0,
		3,
		1,
		193,
		0,
		7,
		194,
		1,
		0,
		7,
		194,
		65,
		0,
		6,
		2,
		129,
		0,
		7,
		194,
		193,
		0,
		2,
		195,
		1,
		0,
		8,
		3,
		65,
		0,
		3,
		3,
		129,
		0,
		4,
		195,
		193,
		0,
		3,
		4,
		1,
		0,
		8,
		68,
		65,
		0,
		4,
		196,
		129,
		0,
		3,
		4,
		193,
		0,
		8,
		5,
		1,
		0,
		2,
		197,
		65,
		0,
		7,
		5,
		129,
		0,
		7,
		69,
		193,
		0,
		7,
		134,
		1,
		0,
		2,
		198,
		65,
		0,
		8,
		134,
		129,
		0,
		8,
		134,
		193,
		0,
		4,
		199,
		1,
		0,
		5,
		7,
		65,
		0,
		4,
		71,
		129,
		0,
		2,
		199,
		193,
		0,
		5,
		200,
		1,
		0,
		3,
		8,
		65,
		0,
		6,
		8,
		129,
		0,
		2,
		200,
		193,
		0,
		8,
		73,
		1,
		0,
		3,
		201,
		65,
		0,
		8,
		201,
		129,
		0,
		9,
		9,
		193,
		0,
		9,
		74,
		1,
		0,
		4,
		138,
		65,
		0,
		9,
		138,
		129,
		0,
		2,
		202,
		193,
		0,
		9,
		203,
		1,
		0,
		3,
		203,
		65,
		0,
		8,
		203,
		129,
		0,
		2,
		203,
		193,
		0,
		7,
		204,
		1,
		0,
		8,
		204,
		65,
		0,
		10,
		12,
		129,
		0,
		5,
		12,
		193,
		0,
		10,
		77,
		1,
		25,
		0,
		64,
		164,
		0,
		8,
		192,
		193,
		0,
		9,
		1,
		1,
		0,
		2,
		193,
		65,
		0,
		10,
		129,
		129,
		2,
		0,
		128,
		164,
		1,
		0,
		0,
		93,
		0,
		0,
		64,
		29,
		0,
		74,
		192,
		6,
		0,
		64,
		192,
		70,
		5,
		0,
		0,
		139,
		0,
		9,
		128,
		193,
		0,
		8,
		193,
		1,
		0,
		4,
		129,
		65,
		0,
		6,
		65,
		129,
		0,
		9,
		65,
		193,
		0,
		9,
		130,
		1,
		0,
		9,
		66,
		65,
		0,
		11,
		2,
		129,
		0,
		5,
		66,
		193,
		0,
		8,
		195,
		1,
		5,
		0,
		64,
		164,
		1,
		0,
		128,
		93,
		0,
		0,
		64,
		7,
		0,
		128,
		0,
		67,
		1,
		0,
		64,
		29,
		0,
		128,
		0,
		31,
		128,
		14,
		0,
		23,
		0,
		70,
		192,
		6,
		0,
		64,
		192,
		70,
		14,
		128,
		0,
		139,
		0,
		7,
		0,
		193,
		0,
		7,
		65,
		1,
		0,
		7,
		129,
		65,
		0,
		2,
		193,
		129,
		0,
		3,
		1,
		193,
		0,
		7,
		194,
		1,
		0,
		7,
		194,
		65,
		0,
		6,
		2,
		129,
		0,
		7,
		194,
		193,
		0,
		2,
		195,
		1,
		0,
		8,
		3,
		65,
		0,
		3,
		3,
		129,
		0,
		4,
		195,
		193,
		0,
		3,
		4,
		1,
		0,
		8,
		68,
		65,
		0,
		4,
		196,
		129,
		0,
		3,
		4,
		193,
		0,
		8,
		5,
		1,
		0,
		2,
		197,
		65,
		0,
		7,
		5,
		129,
		0,
		7,
		69,
		193,
		0,
		7,
		134,
		1,
		0,
		8,
		134,
		65,
		0,
		8,
		134,
		129,
		0,
		8,
		70,
		193,
		0,
		11,
		71,
		1,
		0,
		3,
		71,
		65,
		0,
		2,
		199,
		129,
		0,
		11,
		135,
		193,
		0,
		5,
		8,
		1,
		0,
		4,
		136,
		65,
		0,
		2,
		200,
		129,
		0,
		11,
		200,
		193,
		0,
		9,
		73,
		1,
		0,
		3,
		73,
		65,
		0,
		9,
		9,
		129,
		0,
		2,
		201,
		193,
		0,
		6,
		74,
		1,
		0,
		11,
		74,
		65,
		0,
		3,
		202,
		129,
		0,
		9,
		74,
		193,
		0,
		11,
		75,
		1,
		0,
		11,
		11,
		65,
		0,
		5,
		75,
		129,
		0,
		8,
		203,
		193,
		0,
		2,
		204,
		1,
		0,
		12,
		12,
		65,
		0,
		4,
		204,
		129,
		0,
		5,
		204,
		193,
		0,
		12,
		13,
		1,
		25,
		0,
		64,
		164,
		1,
		0,
		0,
		93,
		0,
		0,
		64,
		29,
		0,
		128,
		0,
		31,
		0,
		0,
		64,
		37,
		0,
		74,
		192,
		70,
		0,
		0,
		0,
		128,
		0,
		12,
		64,
		193,
		1,
		0,
		128,
		157,
		0,
		128,
		128,
		71,
		0,
		12,
		128,
		129,
		1,
		0,
		64,
		93,
		0,
		74,
		192,
		70,
		0,
		0,
		0,
		128,
		0,
		12,
		192,
		193,
		1,
		0,
		128,
		157,
		0,
		128,
		128,
		71,
		0,
		13,
		0,
		129,
		1,
		0,
		64,
		93,
		0,
		0,
		128,
		101,
		154,
		128,
		64,
		8,
		0,
		0,
		192,
		101,
		155,
		0,
		64,
		8,
		0,
		1,
		0,
		101,
		155,
		128,
		64,
		8,
		0,
		1,
		64,
		101,
		156,
		0,
		64,
		8,
		0,
		1,
		128,
		101,
		156,
		128,
		64,
		8,
		0,
		1,
		192,
		101,
		157,
		0,
		64,
		8,
		0,
		2,
		0,
		101,
		157,
		128,
		64,
		8,
		0,
		2,
		64,
		101,
		158,
		0,
		64,
		8,
		0,
		2,
		128,
		101,
		158,
		128,
		64,
		8,
		0,
		2,
		192,
		101,
		159,
		0,
		64,
		8,
		0,
		3,
		0,
		101,
		159,
		128,
		64,
		8,
		0,
		3,
		64,
		101,
		160,
		0,
		64,
		8,
		0,
		74,
		192,
		70,
		0,
		0,
		0,
		128,
		0,
		16,
		64,
		193,
		1,
		0,
		128,
		157,
		0,
		128,
		128,
		71,
		0,
		128,
		0,
		131,
		1,
		0,
		128,
		93,
		0,
		0,
		0,
		91,
		128,
		1,
		192,
		23,
		161,
		80,
		192,
		8,
		0,
		74,
		192,
		70,
		0,
		0,
		0,
		128,
		0,
		17,
		0,
		193,
		1,
		0,
		128,
		157,
		0,
		128,
		128,
		71,
		0,
		0,
		0,
		131,
		1,
		0,
		64,
		93,
		0,
		80,
		128,
		70,
		0,
		208,
		192,
		24,
		127,
		250,
		192,
		23,
		0,
		77,
		64,
		70,
		0,
		128,
		64,
		93,
		127,
		250,
		0,
		23,
		0,
		128,
		0,
		31,
		0,
		0,
		0,
		69,
		4,
		0,
		0,
		0,
		6,
		71,
		67,
		79,
		68,
		69,
		0,
		4,
		0,
		0,
		0,
		3,
		84,
		71,
		0,
		0,
		4,
		0,
		0,
		0,
		9,
		69,
		120,
		101,
		99,
		117,
		116,
		101,
		114,
		0,
		3,
		64,
		110,
		0,
		0,
		0,
		0,
		0,
		0,
		3,
		64,
		99,
		224,
		0,
		0,
		0,
		0,
		0,
		3,
		64,
		99,
		96,
		0,
		0,
		0,
		0,
		0,
		3,
		64,
		100,
		32,
		0,
		0,
		0,
		0,
		0,
		3,
		64,
		109,
		224,
		0,
		0,
		0,
		0,
		0,
		3,
		64,
		103,
		0,
		0,
		0,
		0,
		0,
		0,
		3,
		64,
		97,
		224,
		0,
		0,
		0,
		0,
		0,
		3,
		64,
		64,
		0,
		0,
		0,
		0,
		0,
		0,
		3,
		64,
		81,
		64,
		0,
		0,
		0,
		0,
		0,
		3,
		64,
		91,
		128,
		0,
		0,
		0,
		0,
		0,
		3,
		64,
		88,
		192,
		0,
		0,
		0,
		0,
		0,
		3,
		64,
		92,
		128,
		0,
		0,
		0,
		0,
		0,
		3,
		64,
		94,
		64,
		0,
		0,
		0,
		0,
		0,
		3,
		64,
		92,
		0,
		0,
		0,
		0,
		0,
		0,
		3,
		64,
		93,
		0,
		0,
		0,
		0,
		0,
		0,
		3,
		64,
		85,
		0,
		0,
		0,
		0,
		0,
		0,
		3,
		64,
		91,
		192,
		0,
		0,
		0,
		0,
		0,
		3,
		64,
		91,
		0,
		0,
		0,
		0,
		0,
		0,
		3,
		64,
		80,
		128,
		0,
		0,
		0,
		0,
		0,
		3,
		64,
		81,
		192,
		0,
		0,
		0,
		0,
		0,
		3,
		64,
		83,
		192,
		0,
		0,
		0,
		0,
		0,
		3,
		64,
		85,
		128,
		0,
		0,
		0,
		0,
		0,
		3,
		64,
		76,
		128,
		0,
		0,
		0,
		0,
		0,
		4,
		0,
		0,
		0,
		6,
		112,
		114,
		105,
		110,
		116,
		0,
		3,
		64,
		108,
		64,
		0,
		0,
		0,
		0,
		0,
		3,
		64,
		99,
		64,
		0,
		0,
		0,
		0,
		0,
		3,
		64,
		100,
		0,
		0,
		0,
		0,
		0,
		0,
		3,
		64,
		84,
		128,
		0,
		0,
		0,
		0,
		0,
		3,
		64,
		81,
		0,
		0,
		0,
		0,
		0,
		0,
		3,
		64,
		80,
		192,
		0,
		0,
		0,
		0,
		0,
		3,
		64,
		36,
		0,
		0,
		0,
		0,
		0,
		0,
		3,
		64,
		89,
		64,
		0,
		0,
		0,
		0,
		0,
		3,
		64,
		89,
		0,
		0,
		0,
		0,
		0,
		0,
		3,
		64,
		90,
		64,
		0,
		0,
		0,
		0,
		0,
		3,
		64,
		92,
		192,
		0,
		0,
		0,
		0,
		0,
		3,
		64,
		80,
		64,
		0,
		0,
		0,
		0,
		0,
		3,
		64,
		91,
		64,
		0,
		0,
		0,
		0,
		0,
		3,
		64,
		93,
		128,
		0,
		0,
		0,
		0,
		0,
		3,
		64,
		64,
		128,
		0,
		0,
		0,
		0,
		0,
		4,
		0,
		0,
		0,
		3,
		103,
		103,
		0,
		3,
		64,
		88,
		128,
		0,
		0,
		0,
		0,
		0,
		3,
		64,
		88,
		64,
		0,
		0,
		0,
		0,
		0,
		3,
		64,
		83,
		128,
		0,
		0,
		0,
		0,
		0,
		3,
		64,
		81,
		128,
		0,
		0,
		0,
		0,
		0,
		3,
		64,
		65,
		0,
		0,
		0,
		0,
		0,
		0,
		4,
		0,
		0,
		0,
		15,
		69,
		50,
		32,
		68,
		68,
		32,
		67,
		70,
		32,
		69,
		49,
		32,
		69,
		50,
		0,
		4,
		0,
		0,
		0,
		12,
		71,
		65,
		77,
		73,
		78,
		71,
		32,
		76,
		73,
		70,
		69,
		0,
		4,
		0,
		0,
		0,
		15,
		67,
		70,
		32,
		68,
		65,
		32,
		68,
		51,
		32,
		69,
		48,
		32,
		69,
		50,
		0,
		4,
		0,
		0,
		0,
		39,
		32,
		240,
		159,
		148,
		176,
		65,
		78,
		84,
		73,
		66,
		65,
		78,
		240,
		159,
		148,
		176,
		32,
		83,
		67,
		82,
		73,
		80,
		84,
		32,
		240,
		159,
		146,
		175,
		65,
		67,
		84,
		73,
		86,
		69,
		240,
		159,
		146,
		175,
		0,
		4,
		0,
		0,
		0,
		5,
		72,
		79,
		77,
		69,
		0,
		4,
		0,
		0,
		0,
		3,
		83,
		83,
		0,
		4,
		0,
		0,
		0,
		3,
		89,
		84,
		0,
		4,
		0,
		0,
		0,
		4,
		69,
		88,
		55,
		0,
		4,
		0,
		0,
		0,
		4,
		67,
		82,
		70,
		0,
		4,
		0,
		0,
		0,
		4,
		67,
		82,
		77,
		0,
		4,
		0,
		0,
		0,
		4,
		67,
		89,
		77,
		0,
		4,
		0,
		0,
		0,
		3,
		73,
		82,
		0,
		4,
		0,
		0,
		0,
		4,
		84,
		87,
		72,
		0,
		4,
		0,
		0,
		0,
		4,
		67,
		82,
		65,
		0,
		4,
		0,
		0,
		0,
		5,
		66,
		65,
		67,
		75,
		0,
		4,
		0,
		0,
		0,
		5,
		69,
		88,
		73,
		84,
		0,
		4,
		0,
		0,
		0,
		27,
		68,
		55,
		32,
		69,
		49,
		32,
		67,
		52,
		32,
		68,
		55,
		32,
		69,
		49,
		32,
		68,
		55,
		32,
		68,
		48,
		32,
		68,
		65,
		32,
		68,
		51,
		0,
		4,
		0,
		0,
		0,
		7,
		80,
		85,
		66,
		71,
		77,
		72,
		0,
		3,
		63,
		240,
		0,
		0,
		0,
		0,
		0,
		0,
		4,
		0,
		0,
		0,
		30,
		69,
		49,
		32,
		68,
		51,
		32,
		69,
		50,
		32,
		67,
		52,
		32,
		68,
		55,
		32,
		69,
		49,
		32,
		68,
		55,
		32,
		68,
		48,
		32,
		68,
		65,
		32,
		68,
		51,
		0,
		0,
		0,
		0,
		14,
		0,
		0,
		0,
		1,
		0,
		0,
		0,
		2,
		1,
		0,
		12,
		0,
		0,
		0,
		40,
		0,
		64,
		0,
		70,
		0,
		0,
		64,
		129,
		0,
		0,
		128,
		193,
		128,
		1,
		192,
		97,
		0,
		0,
		1,
		75,
		2,
		192,
		193,
		135,
		3,
		65,
		0,
		88,
		128,
		0,
		128,
		23,
		2,
		192,
		193,
		135,
		0,
		128,
		129,
		157,
		130,
		129,
		129,
		74,
		0,
		0,
		1,
		68,
		127,
		253,
		128,
		96,
		0,
		1,
		128,
		65,
		0,
		64,
		0,
		134,
		0,
		0,
		0,
		213,
		0,
		0,
		129,
		1,
		128,
		3,
		64,
		161,
		0,
		128,
		1,
		128,
		0,
		65,
		193,
		198,
		3,
		194,
		1,
		199,
		0,
		66,
		66,
		6,
		4,
		66,
		130,
		7,
		0,
		2,
		2,
		7,
		0,
		66,
		194,
		70,
		4,
		195,
		2,
		71,
		0,
		0,
		130,
		129,
		0,
		3,
		66,
		193,
		1,
		128,
		130,
		93,
		4,
		2,
		66,
		16,
		1,
		0,
		129,
		221,
		3,
		1,
		192,
		86,
		127,
		252,
		0,
		160,
		0,
		67,
		128,
		134,
		0,
		67,
		192,
		198,
		0,
		128,
		1,
		0,
		1,
		0,
		0,
		221,
		0,
		0,
		0,
		158,
		0,
		0,
		0,
		159,
		0,
		128,
		0,
		31,
		0,
		0,
		0,
		16,
		4,
		0,
		0,
		0,
		7,
		115,
		99,
		114,
		105,
		112,
		116,
		0,
		3,
		0,
		0,
		0,
		0,
		0,
		0,
		0,
		0,
		3,
		63,
		240,
		0,
		0,
		0,
		0,
		0,
		0,
		4,
		0,
		0,
		0,
		5,
		100,
		97,
		116,
		97,
		0,
		0,
		4,
		0,
		0,
		0,
		4,
		115,
		101,
		108,
		0,
		4,
		0,
		0,
		0,
		1,
		0,
		4,
		0,
		0,
		0,
		7,
		115,
		116,
		114,
		105,
		110,
		103,
		0,
		4,
		0,
		0,
		0,
		5,
		99,
		104,
		97,
		114,
		0,
		4,
		0,
		0,
		0,
		3,
		103,
		103,
		0,
		4,
		0,
		0,
		0,
		13,
		99,
		108,
		101,
		97,
		114,
		82,
		101,
		115,
		117,
		108,
		116,
		115,
		0,
		4,
		0,
		0,
		0,
		5,
		109,
		97,
		116,
		104,
		0,
		4,
		0,
		0,
		0,
		7,
		114,
		97,
		110,
		100,
		111,
		109,
		0,
		3,
		64,
		145,
		48,
		0,
		0,
		0,
		0,
		0,
		4,
		0,
		0,
		0,
		6,
		112,
		99,
		97,
		108,
		108,
		0,
		4,
		0,
		0,
		0,
		5,
		108,
		111,
		97,
		100,
		0,
		0,
		0,
		0,
		0,
		0,
		0,
		0,
		1,
		0,
		0,
		0,
		0,
		0,
		0,
		0,
		0,
		0,
		0,
		0,
		0,
		0,
		0,
		0,
		0,
		0,
		0,
		0,
		0,
		0,
		14,
		0,
		0,
		0,
		19,
		1,
		0,
		5,
		0,
		0,
		0,
		11,
		0,
		64,
		0,
		76,
		0,
		0,
		64,
		193,
		0,
		0,
		129,
		1,
		2,
		0,
		128,
		93,
		0,
		128,
		0,
		0,
		0,
		64,
		0,
		76,
		0,
		0,
		192,
		193,
		0,
		0,
		1,
		37,
		2,
		0,
		128,
		93,
		1,
		0,
		0,
		95,
		0,
		128,
		0,
		31,
		0,
		0,
		0,
		4,
		4,
		0,
		0,
		0,
		5,
		103,
		115,
		117,
		98,
		0,
		4,
		0,
		0,
		0,
		2,
		32,
		0,
		4,
		0,
		0,
		0,
		1,
		0,
		4,
		0,
		0,
		0,
		3,
		46,
		46,
		0,
		0,
		0,
		0,
		1,
		0,
		0,
		0,
		16,
		0,
		0,
		0,
		18,
		1,
		0,
		5,
		0,
		0,
		0,
		10,
		0,
		64,
		0,
		70,
		0,
		192,
		64,
		71,
		0,
		64,
		128,
		134,
		0,
		0,
		0,
		192,
		0,
		0,
		193,
		1,
		1,
		128,
		128,
		157,
		1,
		65,
		0,
		142,
		1,
		0,
		0,
		94,
		0,
		0,
		0,
		95,
		0,
		128,
		0,
		31,
		0,
		0,
		0,
		5,
		4,
		0,
		0,
		0,
		7,
		115,
		116,
		114,
		105,
		110,
		103,
		0,
		4,
		0,
		0,
		0,
		5,
		99,
		104,
		97,
		114,
		0,
		4,
		0,
		0,
		0,
		9,
		116,
		111,
		110,
		117,
		109,
		98,
		101,
		114,
		0,
		3,
		64,
		48,
		0,
		0,
		0,
		0,
		0,
		0,
		3,
		64,
		91,
		128,
		0,
		0,
		0,
		0,
		0,
		0,
		0,
		0,
		0,
		0,
		0,
		0,
		1,
		0,
		0,
		0,
		0,
		0,
		0,
		0,
		0,
		0,
		0,
		0,
		0,
		0,
		0,
		0,
		0,
		0,
		0,
		0,
		0,
		0,
		1,
		0,
		0,
		0,
		0,
		0,
		0,
		0,
		0,
		0,
		0,
		0,
		0,
		0,
		0,
		0,
		0,
		0,
		0,
		0,
		0,
		0,
		26,
		0,
		0,
		0,
		43,
		0,
		0,
		6,
		0,
		0,
		0,
		41,
		0,
		64,
		64,
		6,
		0,
		128,
		0,
		69,
		0,
		0,
		128,
		129,
		1,
		0,
		128,
		93,
		0,
		0,
		64,
		7,
		2,
		0,
		0,
		75,
		0,
		0,
		192,
		129,
		0,
		1,
		0,
		193,
		0,
		1,
		65,
		1,
		0,
		1,
		129,
		65,
		2,
		0,
		64,
		100,
		0,
		0,
		0,
		132,
		0,
		1,
		192,
		193,
		2,
		0,
		128,
		29,
		128,
		0,
		0,
		8,
		0,
		64,
		0,
		6,
		0,
		66,
		0,
		24,
		128,
		0,
		0,
		23,
		128,
		4,
		192,
		23,
		0,
		64,
		0,
		6,
		0,
		66,
		64,
		24,
		128,
		0,
		64,
		23,
		0,
		66,
		128,
		6,
		0,
		128,
		64,
		29,
		0,
		64,
		0,
		6,
		0,
		66,
		192,
		24,
		128,
		0,
		64,
		23,
		0,
		67,
		0,
		6,
		0,
		128,
		64,
		29,
		0,
		64,
		0,
		6,
		0,
		67,
		64,
		24,
		128,
		0,
		64,
		23,
		0,
		67,
		128,
		6,
		0,
		128,
		64,
		29,
		0,
		64,
		0,
		6,
		0,
		67,
		192,
		24,
		128,
		0,
		64,
		23,
		0,
		68,
		0,
		6,
		0,
		128,
		64,
		29,
		136,
		196,
		128,
		8,
		0,
		128,
		0,
		31,
		0,
		0,
		0,
		19,
		4,
		0,
		0,
		0,
		3,
		77,
		78,
		0,
		4,
		0,
		0,
		0,
		3,
		103,
		103,
		0,
		4,
		0,
		0,
		0,
		18,
		68,
		49,
		32,
		68,
		54,
		32,
		68,
		68,
		32,
		68,
		55,
		32,
		68,
		49,
		32,
		68,
		51,
		0,
		4,
		0,
		0,
		0,
		84,
		226,
		153,
		187,
		239,
		184,
		143,
		240,
		157,
		153,
		146,
		240,
		157,
		152,
		188,
		240,
		157,
		153,
		135,
		240,
		157,
		153,
		135,
		32,
		240,
		157,
		153,
		131,
		240,
		157,
		152,
		188,
		240,
		157,
		152,
		190,
		240,
		157,
		153,
		134,
		43,
		240,
		157,
		152,
		190,
		240,
		157,
		153,
		135,
		240,
		157,
		153,
		138,
		240,
		157,
		153,
		144,
		240,
		157,
		153,
		141,
		32,
		240,
		157,
		153,
		131,
		240,
		157,
		152,
		188,
		240,
		157,
		152,
		190,
		240,
		157,
		153,
		134,
		226,
		153,
		187,
		239,
		184,
		143,
		0,
		4,
		0,
		0,
		0,
		122,
		240,
		159,
		146,
		176,
		240,
		157,
		153,
		191,
		240,
		157,
		153,
		176,
		240,
		157,
		153,
		184,
		240,
		157,
		153,
		179,
		32,
		240,
		157,
		154,
		130,
		240,
		157,
		153,
		178,
		240,
		157,
		154,
		129,
		240,
		157,
		153,
		184,
		240,
		157,
		153,
		191,
		240,
		157,
		154,
		131,
		32,
		240,
		157,
		153,
		177,
		240,
		157,
		154,
		136,
		32,
		240,
		157,
		153,
		130,
		240,
		157,
		152,
		188,
		240,
		157,
		153,
		136,
		240,
		157,
		153,
		132,
		240,
		157,
		153,
		137,
		240,
		157,
		153,
		130,
		32,
		240,
		157,
		153,
		146,
		240,
		157,
		153,
		132,
		240,
		157,
		153,
		143,
		240,
		157,
		153,
		131,
		32,
		240,
		157,
		153,
		131,
		240,
		157,
		152,
		188,
		240,
		157,
		152,
		190,
		240,
		157,
		153,
		134,
		240,
		157,
		153,
		142,
		240,
		159,
		146,
		176,
		0,
		4,
		0,
		0,
		0,
		39,
		240,
		159,
		153,
		143,
		32,
		83,
		85,
		66,
		83,
		67,
		82,
		73,
		66,
		69,
		32,
		77,
		89,
		32,
		89,
		79,
		85,
		84,
		85,
		66,
		69,
		32,
		67,
		72,
		65,
		78,
		78,
		69,
		76,
		240,
		159,
		153,
		143,
		32,
		0,
		4,
		0,
		0,
		0,
		23,
		226,
		157,
		140,
		240,
		157,
		149,
		176,
		240,
		157,
		150,
		131,
		240,
		157,
		149,
		180,
		240,
		157,
		149,
		191,
		226,
		157,
		140,
		0,
		4,
		0,
		0,
		0,
		38,
		226,
		156,
		133,
		225,
		142,
		183,
		225,
		142,
		170,
		225,
		142,
		160,
		225,
		142,
		172,
		32,
		225,
		143,
		180,
		225,
		142,
		189,
		32,
		71,
		65,
		77,
		73,
		78,
		71,
		32,
		76,
		73,
		70,
		69,
		226,
		156,
		133,
		0,
		0,
		3,
		63,
		240,
		0,
		0,
		0,
		0,
		0,
		0,
		4,
		0,
		0,
		0,
		3,
		83,
		83,
		0,
		3,
		64,
		0,
		0,
		0,
		0,
		0,
		0,
		0,
		4,
		0,
		0,
		0,
		3,
		73,
		82,
		0,
		3,
		64,
		8,
		0,
		0,
		0,
		0,
		0,
		0,
		4,
		0,
		0,
		0,
		3,
		89,
		84,
		0,
		3,
		64,
		16,
		0,
		0,
		0,
		0,
		0,
		0,
		4,
		0,
		0,
		0,
		5,
		69,
		88,
		73,
		84,
		0,
		4,
		0,
		0,
		0,
		7,
		80,
		85,
		66,
		71,
		77,
		72,
		0,
		3,
		191,
		240,
		0,
		0,
		0,
		0,
		0,
		0,
		0,
		0,
		0,
		0,
		0,
		0,
		0,
		2,
		0,
		0,
		1,
		0,
		0,
		0,
		0,
		0,
		0,
		0,
		0,
		0,
		0,
		0,
		0,
		0,
		0,
		0,
		0,
		0,
		0,
		0,
		0,
		44,
		0,
		0,
		0,
		68,
		0,
		0,
		10,
		0,
		0,
		0,
		67,
		0,
		64,
		64,
		6,
		0,
		128,
		0,
		69,
		0,
		0,
		128,
		129,
		1,
		0,
		128,
		93,
		0,
		0,
		64,
		7,
		4,
		0,
		0,
		75,
		0,
		0,
		192,
		129,
		0,
		1,
		0,
		193,
		0,
		1,
		65,
		1,
		0,
		1,
		129,
		65,
		0,
		1,
		193,
		129,
		0,
		2,
		1,
		193,
		0,
		2,
		66,
		1,
		0,
		2,
		130,
		65,
		4,
		0,
		64,
		100,
		0,
		0,
		0,
		132,
		0,
		2,
		192,
		193,
		2,
		0,
		128,
		29,
		128,
		0,
		0,
		8,
		0,
		64,
		0,
		6,
		0,
		67,
		0,
		24,
		128,
		0,
		0,
		23,
		128,
		10,
		64,
		23,
		0,
		64,
		0,
		6,
		0,
		67,
		64,
		7,
		0,
		67,
		128,
		24,
		128,
		0,
		64,
		23,
		0,
		67,
		192,
		6,
		0,
		128,
		64,
		29,
		0,
		64,
		0,
		6,
		0,
		68,
		0,
		7,
		0,
		67,
		128,
		24,
		128,
		0,
		64,
		23,
		0,
		68,
		64,
		6,
		0,
		128,
		64,
		29,
		0,
		64,
		0,
		6,
		0,
		68,
		128,
		7,
		0,
		67,
		128,
		24,
		128,
		0,
		64,
		23,
		0,
		68,
		192,
		6,
		0,
		128,
		64,
		29,
		0,
		64,
		0,
		6,
		0,
		69,
		0,
		7,
		0,
		67,
		128,
		24,
		128,
		0,
		64,
		23,
		0,
		69,
		64,
		6,
		0,
		128,
		64,
		29,
		0,
		64,
		0,
		6,
		0,
		69,
		128,
		7,
		0,
		67,
		128,
		24,
		128,
		0,
		64,
		23,
		0,
		69,
		192,
		6,
		0,
		128,
		64,
		29,
		0,
		64,
		0,
		6,
		0,
		70,
		0,
		7,
		0,
		67,
		128,
		24,
		128,
		0,
		64,
		23,
		0,
		70,
		64,
		6,
		0,
		128,
		64,
		29,
		0,
		64,
		0,
		6,
		0,
		70,
		128,
		7,
		0,
		67,
		128,
		24,
		128,
		0,
		64,
		23,
		0,
		70,
		192,
		6,
		0,
		128,
		64,
		29,
		142,
		71,
		64,
		8,
		0,
		128,
		0,
		31,
		0,
		0,
		0,
		30,
		4,
		0,
		0,
		0,
		4,
		77,
		78,
		49,
		0,
		4,
		0,
		0,
		0,
		3,
		103,
		103,
		0,
		4,
		0,
		0,
		0,
		33,
		68,
		66,
		32,
		69,
		51,
		32,
		68,
		65,
		32,
		69,
		50,
		32,
		68,
		55,
		32,
		66,
		49,
		32,
		68,
		54,
		32,
		68,
		68,
		32,
		68,
		55,
		32,
		68,
		49,
		32,
		68,
		51,
		0,
		4,
		0,
		0,
		0,
		65,
		240,
		159,
		140,
		140,
		240,
		157,
		144,
		184,
		240,
		157,
		145,
		139,
		240,
		157,
		145,
		140,
		240,
		157,
		145,
		129,
		240,
		157,
		145,
		130,
		240,
		157,
		145,
		134,
		32,
		55,
		56,
		55,
		48,
		32,
		240,
		157,
		145,
		138,
		240,
		157,
		144,
		187,
		240,
		159,
		140,
		140,
		91,
		240,
		157,
		148,
		190,
		240,
		157,
		148,
		184,
		240,
		157,
		149,
		132,
		240,
		157,
		148,
		188,
		93,
		0,
		4,
		0,
		0,
		0,
		69,
		226,
		154,
		160,
		239,
		184,
		143,
		240,
		157,
		144,
		184,
		240,
		157,
		145,
		139,
		240,
		157,
		145,
		140,
		240,
		157,
		145,
		129,
		240,
		157,
		145,
		130,
		240,
		157,
		145,
		134,
		32,
		57,
		54,
		49,
		48,
		32,
		240,
		157,
		145,
		138,
		240,
		157,
		144,
		187,
		226,
		154,
		160,
		239,
		184,
		143,
		91,
		240,
		157,
		148,
		190,
		240,
		157,
		148,
		184,
		240,
		157,
		149,
		132,
		240,
		157,
		148,
		188,
		93,
		0,
		4,
		0,
		0,
		0,
		112,
		226,
		154,
		170,
		240,
		157,
		153,
		178,
		240,
		157,
		153,
		190,
		240,
		157,
		153,
		187,
		240,
		157,
		153,
		190,
		240,
		157,
		154,
		132,
		240,
		157,
		154,
		129,
		32,
		240,
		157,
		154,
		134,
		240,
		157,
		153,
		183,
		240,
		157,
		153,
		184,
		240,
		157,
		154,
		131,
		240,
		157,
		153,
		180,
		32,
		240,
		157,
		153,
		176,
		240,
		157,
		153,
		187,
		240,
		157,
		153,
		187,
		32,
		240,
		157,
		153,
		180,
		240,
		157,
		154,
		135,
		240,
		157,
		154,
		136,
		240,
		157,
		153,
		189,
		240,
		157,
		153,
		190,
		240,
		157,
		154,
		130,
		226,
		154,
		170,
		91,
		240,
		157,
		149,
		131,
		240,
		157,
		149,
		134,
		240,
		157,
		148,
		185,
		240,
		157,
		148,
		185,
		240,
		157,
		149,
		144,
		93,
		0,
		4,
		0,
		0,
		0,
		115,
		240,
		159,
		148,
		180,
		240,
		157,
		153,
		178,
		240,
		157,
		153,
		190,
		240,
		157,
		153,
		187,
		240,
		157,
		153,
		190,
		240,
		157,
		154,
		132,
		240,
		157,
		154,
		129,
		32,
		240,
		157,
		154,
		129,
		240,
		157,
		153,
		180,
		240,
		157,
		153,
		179,
		32,
		240,
		157,
		153,
		188,
		240,
		157,
		153,
		184,
		240,
		157,
		154,
		135,
		32,
		240,
		157,
		153,
		176,
		240,
		157,
		153,
		187,
		240,
		157,
		153,
		187,
		32,
		240,
		157,
		153,
		180,
		240,
		157,
		154,
		135,
		240,
		157,
		154,
		136,
		240,
		157,
		153,
		189,
		240,
		157,
		153,
		190,
		240,
		157,
		154,
		130,
		240,
		159,
		148,
		180,
		91,
		240,
		157,
		148,
		190,
		240,
		157,
		148,
		184,
		240,
		157,
		149,
		132,
		240,
		157,
		148,
		188,
		93,
		0,
		4,
		0,
		0,
		0,
		123,
		240,
		159,
		148,
		181,
		240,
		157,
		153,
		178,
		240,
		157,
		153,
		190,
		240,
		157,
		153,
		187,
		240,
		157,
		153,
		190,
		240,
		157,
		154,
		132,
		240,
		157,
		154,
		129,
		32,
		240,
		157,
		154,
		129,
		240,
		157,
		153,
		180,
		240,
		157,
		153,
		179,
		32,
		240,
		157,
		153,
		181,
		240,
		157,
		153,
		187,
		240,
		157,
		153,
		176,
		240,
		157,
		154,
		130,
		240,
		157,
		153,
		183,
		32,
		240,
		157,
		153,
		176,
		240,
		157,
		153,
		187,
		240,
		157,
		153,
		187,
		32,
		240,
		157,
		153,
		180,
		240,
		157,
		154,
		135,
		240,
		157,
		154,
		136,
		240,
		157,
		153,
		189,
		240,
		157,
		153,
		190,
		240,
		157,
		154,
		130,
		240,
		159,
		148,
		181,
		91,
		240,
		157,
		148,
		190,
		240,
		157,
		148,
		184,
		240,
		157,
		149,
		132,
		240,
		157,
		148,
		188,
		93,
		0,
		4,
		0,
		0,
		0,
		65,
		240,
		159,
		165,
		176,
		240,
		157,
		144,
		184,
		240,
		157,
		145,
		139,
		240,
		157,
		145,
		140,
		240,
		157,
		145,
		129,
		240,
		157,
		145,
		130,
		240,
		157,
		145,
		134,
		32,
		55,
		52,
		50,
		48,
		32,
		240,
		157,
		145,
		138,
		240,
		157,
		144,
		187,
		240,
		159,
		165,
		176,
		91,
		240,
		157,
		148,
		190,
		240,
		157,
		148,
		184,
		240,
		157,
		149,
		132,
		240,
		157,
		148,
		188,
		93,
		0,
		4,
		0,
		0,
		0,
		90,
		240,
		159,
		165,
		180,
		240,
		157,
		153,
		181,
		240,
		157,
		153,
		190,
		240,
		157,
		154,
		132,
		240,
		157,
		154,
		129,
		32,
		240,
		157,
		153,
		184,
		240,
		157,
		153,
		189,
		32,
		240,
		157,
		153,
		190,
		240,
		157,
		153,
		189,
		240,
		157,
		153,
		180,
		32,
		240,
		157,
		153,
		178,
		240,
		157,
		153,
		190,
		240,
		157,
		153,
		187,
		240,
		157,
		153,
		190,
		240,
		157,
		154,
		132,
		240,
		157,
		154,
		129,
		240,
		159,
		165,
		180,
		91,
		240,
		157,
		148,
		190,
		240,
		157,
		148,
		184,
		240,
		157,
		149,
		132,
		240,
		157,
		148,
		188,
		93,
		0,
		4,
		0,
		0,
		0,
		28,
		226,
		172,
		133,
		239,
		184,
		143,
		226,
		132,
		172,
		240,
		157,
		146,
		156,
		240,
		157,
		146,
		158,
		240,
		157,
		146,
		166,
		226,
		172,
		133,
		239,
		184,
		143,
		0,
		4,
		0,
		0,
		0,
		34,
		240,
		157,
		153,
		131,
		240,
		157,
		152,
		188,
		240,
		157,
		152,
		190,
		240,
		157,
		153,
		134,
		32,
		240,
		157,
		153,
		136,
		240,
		157,
		152,
		188,
		240,
		157,
		153,
		137,
		240,
		157,
		153,
		144,
		0,
		0,
		3,
		63,
		240,
		0,
		0,
		0,
		0,
		0,
		0,
		1,
		1,
		4,
		0,
		0,
		0,
		4,
		67,
		89,
		77,
		0,
		3,
		64,
		0,
		0,
		0,
		0,
		0,
		0,
		0,
		4,
		0,
		0,
		0,
		4,
		84,
		87,
		72,
		0,
		3,
		64,
		8,
		0,
		0,
		0,
		0,
		0,
		0,
		4,
		0,
		0,
		0,
		4,
		67,
		82,
		65,
		0,
		3,
		64,
		16,
		0,
		0,
		0,
		0,
		0,
		0,
		4,
		0,
		0,
		0,
		4,
		67,
		82,
		77,
		0,
		3,
		64,
		20,
		0,
		0,
		0,
		0,
		0,
		0,
		4,
		0,
		0,
		0,
		4,
		67,
		82,
		70,
		0,
		3,
		64,
		24,
		0,
		0,
		0,
		0,
		0,
		0,
		4,
		0,
		0,
		0,
		4,
		69,
		88,
		55,
		0,
		3,
		64,
		28,
		0,
		0,
		0,
		0,
		0,
		0,
		4,
		0,
		0,
		0,
		5,
		66,
		65,
		67,
		75,
		0,
		4,
		0,
		0,
		0,
		7,
		80,
		85,
		66,
		71,
		77,
		72,
		0,
		3,
		191,
		240,
		0,
		0,
		0,
		0,
		0,
		0,
		0,
		0,
		0,
		0,
		0,
		0,
		0,
		2,
		0,
		0,
		1,
		0,
		0,
		0,
		0,
		0,
		0,
		0,
		0,
		0,
		0,
		0,
		0,
		0,
		0,
		0,
		0,
		0,
		0,
		0,
		0,
		70,
		0,
		0,
		0,
		71,
		0,
		0,
		2,
		0,
		0,
		0,
		4,
		0,
		64,
		0,
		6,
		0,
		0,
		64,
		65,
		1,
		0,
		64,
		29,
		0,
		128,
		0,
		31,
		0,
		0,
		0,
		2,
		4,
		0,
		0,
		0,
		6,
		103,
		111,
		85,
		82,
		76,
		0,
		4,
		0,
		0,
		0,
		55,
		104,
		116,
		116,
		112,
		115,
		58,
		47,
		47,
		109,
		46,
		121,
		111,
		117,
		116,
		117,
		98,
		101,
		46,
		99,
		111,
		109,
		47,
		99,
		104,
		97,
		110,
		110,
		101,
		108,
		47,
		85,
		67,
		66,
		106,
		108,
		66,
		48,
		85,
		112,
		113,
		112,
		82,
		104,
		97,
		95,
		52,
		65,
		120,
		105,
		65,
		67,
		121,
		119,
		81,
		0,
		0,
		0,
		0,
		0,
		0,
		0,
		0,
		1,
		0,
		0,
		0,
		0,
		0,
		0,
		0,
		0,
		0,
		0,
		0,
		0,
		0,
		0,
		0,
		0,
		0,
		0,
		0,
		0,
		0,
		72,
		0,
		0,
		0,
		105,
		0,
		0,
		10,
		0,
		0,
		0,
		94,
		0,
		64,
		0,
		6,
		0,
		128,
		0,
		69,
		0,
		0,
		64,
		129,
		1,
		0,
		128,
		93,
		0,
		0,
		64,
		7,
		0,
		0,
		128,
		65,
		0,
		64,
		0,
		134,
		1,
		64,
		192,
		135,
		0,
		0,
		0,
		195,
		0,
		64,
		1,
		6,
		2,
		65,
		1,
		7,
		0,
		1,
		65,
		65,
		0,
		1,
		129,
		129,
		3,
		128,
		64,
		29,
		0,
		64,
		0,
		6,
		0,
		128,
		0,
		69,
		0,
		1,
		192,
		129,
		1,
		0,
		128,
		93,
		0,
		0,
		64,
		7,
		0,
		2,
		0,
		65,
		0,
		64,
		0,
		134,
		1,
		64,
		192,
		135,
		0,
		0,
		0,
		195,
		0,
		64,
		1,
		6,
		2,
		65,
		1,
		7,
		0,
		1,
		65,
		65,
		0,
		1,
		129,
		129,
		3,
		128,
		64,
		29,
		0,
		64,
		0,
		6,
		0,
		128,
		0,
		69,
		0,
		1,
		192,
		129,
		1,
		0,
		128,
		93,
		0,
		0,
		64,
		7,
		0,
		2,
		0,
		65,
		0,
		64,
		0,
		134,
		1,
		64,
		192,
		135,
		0,
		0,
		0,
		195,
		0,
		64,
		1,
		6,
		2,
		65,
		1,
		7,
		0,
		1,
		65,
		65,
		0,
		1,
		129,
		129,
		3,
		128,
		64,
		29,
		0,
		64,
		0,
		6,
		0,
		128,
		0,
		69,
		0,
		2,
		128,
		129,
		1,
		0,
		128,
		93,
		0,
		0,
		64,
		7,
		0,
		2,
		192,
		65,
		3,
		128,
		0,
		132,
		5,
		0,
		128,
		29,
		132,
		128,
		0,
		8,
		0,
		64,
		0,
		6,
		0,
		128,
		0,
		69,
		0,
		2,
		128,
		129,
		1,
		0,
		128,
		93,
		0,
		0,
		64,
		7,
		0,
		2,
		192,
		65,
		3,
		128,
		0,
		132,
		5,
		0,
		128,
		29,
		0,
		67,
		0,
		70,
		0,
		0,
		0,
		128,
		1,
		1,
		0,
		93,
		128,
		1,
		128,
		23,
		2,
		195,
		65,
		135,
		0,
		64,
		1,
		198,
		3,
		192,
		193,
		199,
		3,
		1,
		192,
		24,
		128,
		0,
		64,
		23,
		135,
		67,
		193,
		74,
		136,
		68,
		65,
		74,
		0,
		0,
		128,
		98,
		127,
		253,
		128,
		227,
		0,
		64,
		0,
		70,
		0,
		128,
		0,
		133,
		0,
		4,
		128,
		193,
		1,
		0,
		128,
		157,
		0,
		128,
		128,
		71,
		0,
		0,
		0,
		128,
		1,
		0,
		64,
		93,
		0,
		0,
		0,
		4,
		0,
		64,
		0,
		70,
		0,
		128,
		0,
		133,
		0,
		4,
		192,
		193,
		1,
		0,
		128,
		157,
		0,
		128,
		128,
		71,
		0,
		128,
		64,
		93,
		0,
		64,
		0,
		70,
		0,
		128,
		0,
		133,
		0,
		5,
		0,
		193,
		1,
		0,
		128,
		157,
		0,
		128,
		128,
		71,
		0,
		5,
		64,
		129,
		1,
		0,
		64,
		93,
		0,
		128,
		0,
		31,
		0,
		0,
		0,
		22,
		4,
		0,
		0,
		0,
		3,
		103,
		103,
		0,
		4,
		0,
		0,
		0,
		36,
		69,
		49,
		32,
		68,
		51,
		32,
		67,
		70,
		32,
		69,
		48,
		32,
		68,
		49,
		32,
		68,
		54,
		32,
		66,
		67,
		32,
		69,
		51,
		32,
		68,
		66,
		32,
		68,
		48,
		32,
		68,
		51,
		32,
		69,
		48,
		0,
		4,
		0,
		0,
		0,
		66,
		48,
		46,
		53,
		59,
		49,
		46,
		48,
		57,
		56,
		54,
		49,
		56,
		101,
		45,
		52,
		50,
		59,
		50,
		46,
		50,
		52,
		50,
		48,
		55,
		55,
		53,
		52,
		101,
		45,
		52,
		52,
		59,
		50,
		46,
		54,
		57,
		48,
		52,
		57,
		51,
		48,
		53,
		101,
		45,
		52,
		51,
		59,
		49,
		46,
		54,
		56,
		49,
		53,
		53,
		56,
		49,
		54,
		101,
		45,
		52,
		52,
		58,
		54,
		52,
		53,
		0,
		4,
		0,
		0,
		0,
		11,
		84,
		89,
		80,
		69,
		95,
		70,
		76,
		79,
		65,
		84,
		0,
		4,
		0,
		0,
		0,
		11,
		83,
		73,
		71,
		78,
		95,
		69,
		81,
		85,
		65,
		76,
		0,
		3,
		0,
		0,
		0,
		0,
		0,
		0,
		0,
		0,
		3,
		191,
		240,
		0,
		0,
		0,
		0,
		0,
		0,
		4,
		0,
		0,
		0,
		36,
		69,
		48,
		32,
		68,
		51,
		32,
		68,
		52,
		32,
		68,
		55,
		32,
		68,
		67,
		32,
		68,
		51,
		32,
		66,
		67,
		32,
		69,
		51,
		32,
		68,
		66,
		32,
		68,
		48,
		32,
		68,
		51,
		32,
		69,
		48,
		0,
		4,
		0,
		0,
		0,
		4,
		48,
		46,
		53,
		0,
		4,
		0,
		0,
		0,
		7,
		114,
		101,
		118,
		101,
		114,
		116,
		0,
		4,
		0,
		0,
		0,
		30,
		68,
		53,
		32,
		68,
		51,
		32,
		69,
		50,
		32,
		67,
		48,
		32,
		68,
		51,
		32,
		69,
		49,
		32,
		69,
		51,
		32,
		68,
		65,
		32,
		69,
		50,
		32,
		69,
		49,
		0,
		3,
		64,
		57,
		0,
		0,
		0,
		0,
		0,
		0,
		4,
		0,
		0,
		0,
		7,
		105,
		112,
		97,
		105,
		114,
		115,
		0,
		4,
		0,
		0,
		0,
		6,
		102,
		108,
		97,
		103,
		115,
		0,
		4,
		0,
		0,
		0,
		6,
		118,
		97,
		108,
		117,
		101,
		0,
		4,
		0,
		0,
		0,
		2,
		48,
		0,
		4,
		0,
		0,
		0,
		7,
		102,
		114,
		101,
		101,
		122,
		101,
		0,
		1,
		1,
		4,
		0,
		0,
		0,
		36,
		67,
		70,
		32,
		68,
		50,
		32,
		68,
		50,
		32,
		66,
		65,
		32,
		68,
		55,
		32,
		69,
		49,
		32,
		69,
		50,
		32,
		66,
		55,
		32,
		69,
		50,
		32,
		68,
		51,
		32,
		68,
		66,
		32,
		69,
		49,
		0,
		4,
		0,
		0,
		0,
		39,
		68,
		69,
		32,
		69,
		48,
		32,
		68,
		68,
		32,
		68,
		49,
		32,
		68,
		51,
		32,
		69,
		49,
		32,
		69,
		49,
		32,
		67,
		48,
		32,
		68,
		51,
		32,
		69,
		49,
		32,
		69,
		51,
		32,
		68,
		66,
		32,
		68,
		51,
		0,
		4,
		0,
		0,
		0,
		15,
		69,
		50,
		32,
		68,
		68,
		32,
		67,
		70,
		32,
		69,
		49,
		32,
		69,
		50,
		0,
		4,
		0,
		0,
		0,
		12,
		65,
		67,
		84,
		73,
		86,
		69,
		32,
		240,
		159,
		146,
		175,
		0,
		0,
		0,
		0,
		0,
		0,
		0,
		0,
		2,
		0,
		0,
		1,
		0,
		0,
		0,
		0,
		0,
		0,
		0,
		0,
		0,
		0,
		0,
		0,
		0,
		0,
		0,
		0,
		0,
		0,
		0,
		0,
		106,
		0,
		0,
		0,
		131,
		0,
		0,
		7,
		0,
		0,
		0,
		73,
		0,
		64,
		0,
		6,
		0,
		128,
		0,
		69,
		0,
		0,
		64,
		129,
		1,
		0,
		128,
		93,
		0,
		0,
		64,
		7,
		0,
		0,
		128,
		65,
		1,
		0,
		64,
		29,
		0,
		64,
		0,
		6,
		0,
		128,
		0,
		69,
		0,
		0,
		192,
		129,
		1,
		0,
		128,
		93,
		0,
		0,
		64,
		7,
		0,
		128,
		64,
		29,
		0,
		64,
		0,
		6,
		0,
		128,
		0,
		69,
		0,
		1,
		0,
		129,
		1,
		0,
		128,
		93,
		0,
		0,
		64,
		7,
		0,
		64,
		0,
		70,
		0,
		193,
		64,
		71,
		1,
		0,
		64,
		29,
		0,
		64,
		0,
		6,
		0,
		128,
		0,
		69,
		0,
		1,
		128,
		129,
		1,
		0,
		128,
		93,
		0,
		0,
		64,
		7,
		0,
		1,
		192,
		65,
		0,
		64,
		0,
		134,
		1,
		66,
		0,
		135,
		0,
		0,
		0,
		195,
		0,
		64,
		1,
		6,
		2,
		66,
		65,
		7,
		0,
		2,
		129,
		65,
		0,
		2,
		193,
		129,
		3,
		128,
		64,
		29,
		0,
		64,
		0,
		6,
		0,
		128,
		0,
		69,
		0,
		3,
		0,
		129,
		1,
		0,
		128,
		93,
		0,
		0,
		64,
		7,
		0,
		3,
		64,
		65,
		0,
		64,
		0,
		134,
		1,
		66,
		0,
		135,
		0,
		0,
		0,
		195,
		0,
		64,
		1,
		6,
		2,
		66,
		65,
		7,
		0,
		2,
		129,
		65,
		0,
		2,
		193,
		129,
		3,
		128,
		64,
		29,
		0,
		64,
		0,
		6,
		0,
		128,
		0,
		69,
		0,
		3,
		128,
		129,
		1,
		0,
		128,
		93,
		0,
		0,
		64,
		7,
		0,
		3,
		192,
		65,
		1,
		0,
		64,
		29,
		0,
		64,
		0,
		6,
		0,
		128,
		0,
		69,
		0,
		4,
		0,
		129,
		1,
		0,
		128,
		93,
		0,
		0,
		64,
		7,
		0,
		4,
		64,
		65,
		0,
		64,
		0,
		134,
		1,
		66,
		0,
		135,
		1,
		128,
		64,
		29,
		0,
		64,
		0,
		6,
		0,
		128,
		0,
		69,
		0,
		4,
		128,
		129,
		1,
		0,
		128,
		93,
		0,
		0,
		64,
		7,
		0,
		4,
		192,
		65,
		1,
		0,
		64,
		29,
		0,
		128,
		0,
		31,
		0,
		0,
		0,
		20,
		4,
		0,
		0,
		0,
		3,
		103,
		103,
		0,
		4,
		0,
		0,
		0,
		15,
		67,
		70,
		32,
		68,
		65,
		32,
		68,
		51,
		32,
		69,
		48,
		32,
		69,
		50,
		0,
		4,
		0,
		0,
		0,
		51,
		73,
		70,
		32,
		73,
		84,
		32,
		78,
		79,
		84,
		32,
		87,
		79,
		82,
		75,
		32,
		83,
		79,
		32,
		82,
		69,
		77,
		79,
		86,
		69,
		32,
		65,
		76,
		76,
		32,
		67,
		76,
		79,
		84,
		72,
		69,
		83,
		32,
		65,
		78,
		68,
		32,
		82,
		85,
		78,
		32,
		65,
		71,
		65,
		73,
		78,
		0,
		4,
		0,
		0,
		0,
		36,
		68,
		49,
		32,
		68,
		65,
		32,
		68,
		51,
		32,
		67,
		70,
		32,
		69,
		48,
		32,
		67,
		48,
		32,
		68,
		51,
		32,
		69,
		49,
		32,
		69,
		51,
		32,
		68,
		65,
		32,
		69,
		50,
		32,
		69,
		49,
		0,
		4,
		0,
		0,
		0,
		27,
		69,
		49,
		32,
		68,
		51,
		32,
		69,
		50,
		32,
		67,
		48,
		32,
		67,
		70,
		32,
		68,
		67,
		32,
		68,
		53,
		32,
		68,
		51,
		32,
		69,
		49,
		0,
		4,
		0,
		0,
		0,
		15,
		82,
		69,
		71,
		73,
		79,
		78,
		95,
		67,
		95,
		65,
		76,
		76,
		79,
		67,
		0,
		4,
		0,
		0,
		0,
		36,
		69,
		49,
		32,
		68,
		51,
		32,
		67,
		70,
		32,
		69,
		48,
		32,
		68,
		49,
		32,
		68,
		54,
		32,
		66,
		67,
		32,
		69,
		51,
		32,
		68,
		66,
		32,
		68,
		48,
		32,
		68,
		51,
		32,
		69,
		48,
		0,
		4,
		0,
		0,
		0,
		22,
		50,
		52,
		59,
		56,
		48,
		50,
		56,
		50,
		52,
		55,
		48,
		52,
		59,
		51,
		50,
		59,
		50,
		58,
		58,
		50,
		49,
		0,
		4,
		0,
		0,
		0,
		11,
		84,
		89,
		80,
		69,
		95,
		68,
		87,
		79,
		82,
		68,
		0,
		4,
		0,
		0,
		0,
		11,
		83,
		73,
		71,
		78,
		95,
		69,
		81,
		85,
		65,
		76,
		0,
		3,
		0,
		0,
		0,
		0,
		0,
		0,
		0,
		0,
		3,
		191,
		240,
		0,
		0,
		0,
		0,
		0,
		0,
		4,
		0,
		0,
		0,
		36,
		69,
		48,
		32,
		68,
		51,
		32,
		68,
		52,
		32,
		68,
		55,
		32,
		68,
		67,
		32,
		68,
		51,
		32,
		66,
		67,
		32,
		69,
		51,
		32,
		68,
		66,
		32,
		68,
		48,
		32,
		68,
		51,
		32,
		69,
		48,
		0,
		4,
		0,
		0,
		0,
		3,
		50,
		52,
		0,
		4,
		0,
		0,
		0,
		30,
		68,
		53,
		32,
		68,
		51,
		32,
		69,
		50,
		32,
		67,
		48,
		32,
		68,
		51,
		32,
		69,
		49,
		32,
		69,
		51,
		32,
		68,
		65,
		32,
		69,
		50,
		32,
		69,
		49,
		0,
		3,
		64,
		20,
		0,
		0,
		0,
		0,
		0,
		0,
		4,
		0,
		0,
		0,
		21,
		68,
		51,
		32,
		68,
		50,
		32,
		68,
		55,
		32,
		69,
		50,
		32,
		65,
		70,
		32,
		68,
		65,
		32,
		68,
		65,
		0,
		4,
		0,
		0,
		0,
		3,
		50,
		50,
		0,
		4,
		0,
		0,
		0,
		15,
		69,
		50,
		32,
		68,
		68,
		32,
		67,
		70,
		32,
		69,
		49,
		32,
		69,
		50,
		0,
		4,
		0,
		0,
		0,
		12,
		65,
		67,
		84,
		73,
		86,
		69,
		32,
		240,
		159,
		146,
		175,
		0,
		0,
		0,
		0,
		0,
		0,
		0,
		0,
		2,
		0,
		0,
		1,
		0,
		0,
		0,
		0,
		0,
		0,
		0,
		0,
		0,
		0,
		0,
		0,
		0,
		0,
		0,
		0,
		0,
		0,
		0,
		0,
		132,
		0,
		0,
		0,
		154,
		0,
		0,
		7,
		0,
		0,
		0,
		66,
		0,
		64,
		0,
		6,
		0,
		128,
		0,
		69,
		0,
		0,
		64,
		129,
		1,
		0,
		128,
		93,
		0,
		0,
		64,
		7,
		0,
		128,
		64,
		29,
		0,
		64,
		0,
		6,
		0,
		128,
		0,
		69,
		0,
		0,
		128,
		129,
		1,
		0,
		128,
		93,
		0,
		0,
		64,
		7,
		0,
		64,
		0,
		70,
		0,
		192,
		192,
		71,
		1,
		0,
		64,
		29,
		0,
		64,
		0,
		6,
		0,
		128,
		0,
		69,
		0,
		1,
		0,
		129,
		1,
		0,
		128,
		93,
		0,
		0,
		64,
		7,
		0,
		1,
		64,
		65,
		0,
		64,
		0,
		134,
		1,
		65,
		128,
		135,
		0,
		0,
		0,
		195,
		0,
		64,
		1,
		6,
		2,
		65,
		193,
		7,
		0,
		2,
		1,
		65,
		0,
		2,
		65,
		129,
		3,
		128,
		64,
		29,
		0,
		64,
		0,
		6,
		0,
		128,
		0,
		69,
		0,
		2,
		128,
		129,
		1,
		0,
		128,
		93,
		0,
		0,
		64,
		7,
		0,
		2,
		192,
		65,
		0,
		64,
		0,
		134,
		1,
		65,
		128,
		135,
		0,
		0,
		0,
		195,
		0,
		64,
		1,
		6,
		2,
		65,
		193,
		7,
		0,
		2,
		1,
		65,
		0,
		2,
		65,
		129,
		3,
		128,
		64,
		29,
		0,
		64,
		0,
		6,
		0,
		128,
		0,
		69,
		0,
		3,
		0,
		129,
		1,
		0,
		128,
		93,
		0,
		0,
		64,
		7,
		0,
		3,
		64,
		65,
		1,
		0,
		64,
		29,
		0,
		64,
		0,
		6,
		0,
		128,
		0,
		69,
		0,
		3,
		128,
		129,
		1,
		0,
		128,
		93,
		0,
		0,
		64,
		7,
		0,
		3,
		192,
		65,
		0,
		64,
		0,
		134,
		1,
		65,
		128,
		135,
		1,
		128,
		64,
		29,
		0,
		64,
		0,
		6,
		0,
		128,
		0,
		69,
		0,
		4,
		0,
		129,
		1,
		0,
		128,
		93,
		0,
		0,
		64,
		7,
		0,
		4,
		64,
		65,
		1,
		0,
		64,
		29,
		0,
		128,
		0,
		31,
		0,
		0,
		0,
		18,
		4,
		0,
		0,
		0,
		3,
		103,
		103,
		0,
		4,
		0,
		0,
		0,
		36,
		68,
		49,
		32,
		68,
		65,
		32,
		68,
		51,
		32,
		67,
		70,
		32,
		69,
		48,
		32,
		67,
		48,
		32,
		68,
		51,
		32,
		69,
		49,
		32,
		69,
		51,
		32,
		68,
		65,
		32,
		69,
		50,
		32,
		69,
		49,
		0,
		4,
		0,
		0,
		0,
		27,
		69,
		49,
		32,
		68,
		51,
		32,
		69,
		50,
		32,
		67,
		48,
		32,
		67,
		70,
		32,
		68,
		67,
		32,
		68,
		53,
		32,
		68,
		51,
		32,
		69,
		49,
		0,
		4,
		0,
		0,
		0,
		15,
		82,
		69,
		71,
		73,
		79,
		78,
		95,
		67,
		95,
		65,
		76,
		76,
		79,
		67,
		0,
		4,
		0,
		0,
		0,
		36,
		69,
		49,
		32,
		68,
		51,
		32,
		67,
		70,
		32,
		69,
		48,
		32,
		68,
		49,
		32,
		68,
		54,
		32,
		66,
		67,
		32,
		69,
		51,
		32,
		68,
		66,
		32,
		68,
		48,
		32,
		68,
		51,
		32,
		69,
		48,
		0,
		4,
		0,
		0,
		0,
		22,
		50,
		52,
		59,
		56,
		48,
		50,
		56,
		50,
		52,
		55,
		48,
		52,
		59,
		51,
		50,
		59,
		50,
		58,
		58,
		50,
		49,
		0,
		4,
		0,
		0,
		0,
		11,
		84,
		89,
		80,
		69,
		95,
		68,
		87,
		79,
		82,
		68,
		0,
		4,
		0,
		0,
		0,
		11,
		83,
		73,
		71,
		78,
		95,
		69,
		81,
		85,
		65,
		76,
		0,
		3,
		0,
		0,
		0,
		0,
		0,
		0,
		0,
		0,
		3,
		191,
		240,
		0,
		0,
		0,
		0,
		0,
		0,
		4,
		0,
		0,
		0,
		36,
		69,
		48,
		32,
		68,
		51,
		32,
		68,
		52,
		32,
		68,
		55,
		32,
		68,
		67,
		32,
		68,
		51,
		32,
		66,
		67,
		32,
		69,
		51,
		32,
		68,
		66,
		32,
		68,
		48,
		32,
		68,
		51,
		32,
		69,
		48,
		0,
		4,
		0,
		0,
		0,
		3,
		50,
		52,
		0,
		4,
		0,
		0,
		0,
		30,
		68,
		53,
		32,
		68,
		51,
		32,
		69,
		50,
		32,
		67,
		48,
		32,
		68,
		51,
		32,
		69,
		49,
		32,
		69,
		51,
		32,
		68,
		65,
		32,
		69,
		50,
		32,
		69,
		49,
		0,
		3,
		64,
		20,
		0,
		0,
		0,
		0,
		0,
		0,
		4,
		0,
		0,
		0,
		21,
		68,
		51,
		32,
		68,
		50,
		32,
		68,
		55,
		32,
		69,
		50,
		32,
		65,
		70,
		32,
		68,
		65,
		32,
		68,
		65,
		0,
		4,
		0,
		0,
		0,
		3,
		49,
		57,
		0,
		4,
		0,
		0,
		0,
		15,
		69,
		50,
		32,
		68,
		68,
		32,
		67,
		70,
		32,
		69,
		49,
		32,
		69,
		50,
		0,
		4,
		0,
		0,
		0,
		12,
		65,
		67,
		84,
		73,
		86,
		69,
		32,
		240,
		159,
		146,
		175,
		0,
		0,
		0,
		0,
		0,
		0,
		0,
		0,
		2,
		0,
		0,
		1,
		0,
		0,
		0,
		0,
		0,
		0,
		0,
		0,
		0,
		0,
		0,
		0,
		0,
		0,
		0,
		0,
		0,
		0,
		0,
		0,
		155,
		0,
		0,
		0,
		187,
		0,
		0,
		10,
		0,
		0,
		0,
		86,
		0,
		64,
		0,
		6,
		0,
		128,
		0,
		69,
		0,
		0,
		64,
		129,
		1,
		0,
		128,
		93,
		0,
		0,
		64,
		7,
		0,
		0,
		128,
		65,
		0,
		64,
		0,
		134,
		1,
		64,
		192,
		135,
		0,
		0,
		0,
		195,
		0,
		64,
		1,
		6,
		2,
		65,
		1,
		7,
		0,
		1,
		65,
		65,
		0,
		1,
		129,
		129,
		3,
		128,
		64,
		29,
		0,
		64,
		0,
		6,
		0,
		128,
		0,
		69,
		0,
		1,
		192,
		129,
		1,
		0,
		128,
		93,
		0,
		0,
		64,
		7,
		0,
		128,
		64,
		29,
		0,
		64,
		0,
		6,
		0,
		128,
		0,
		69,
		0,
		2,
		0,
		129,
		1,
		0,
		128,
		93,
		0,
		0,
		64,
		7,
		0,
		2,
		64,
		65,
		0,
		64,
		0,
		134,
		1,
		64,
		192,
		135,
		0,
		0,
		0,
		195,
		0,
		64,
		1,
		6,
		2,
		65,
		1,
		7,
		0,
		1,
		65,
		65,
		0,
		1,
		129,
		129,
		3,
		128,
		64,
		29,
		0,
		64,
		0,
		6,
		0,
		128,
		0,
		69,
		0,
		2,
		192,
		129,
		1,
		0,
		128,
		93,
		0,
		0,
		64,
		7,
		0,
		3,
		0,
		65,
		3,
		128,
		0,
		132,
		5,
		0,
		128,
		29,
		133,
		0,
		0,
		8,
		0,
		64,
		0,
		6,
		0,
		128,
		0,
		69,
		0,
		2,
		192,
		129,
		1,
		0,
		128,
		93,
		0,
		0,
		64,
		7,
		0,
		3,
		0,
		65,
		3,
		128,
		0,
		132,
		5,
		0,
		128,
		29,
		0,
		67,
		64,
		70,
		0,
		0,
		0,
		128,
		1,
		1,
		0,
		93,
		128,
		1,
		128,
		23,
		2,
		195,
		129,
		135,
		0,
		64,
		1,
		198,
		3,
		192,
		193,
		199,
		3,
		1,
		192,
		24,
		128,
		0,
		64,
		23,
		135,
		196,
		1,
		74,
		136,
		196,
		129,
		74,
		0,
		0,
		128,
		98,
		127,
		253,
		128,
		227,
		0,
		64,
		0,
		70,
		0,
		128,
		0,
		133,
		0,
		4,
		192,
		193,
		1,
		0,
		128,
		157,
		0,
		128,
		128,
		71,
		0,
		0,
		0,
		128,
		1,
		0,
		64,
		93,
		0,
		0,
		0,
		4,
		0,
		64,
		0,
		70,
		0,
		128,
		0,
		133,
		0,
		1,
		192,
		193,
		1,
		0,
		128,
		157,
		0,
		128,
		128,
		71,
		0,
		128,
		64,
		93,
		0,
		64,
		0,
		70,
		0,
		128,
		0,
		133,
		0,
		5,
		0,
		193,
		1,
		0,
		128,
		157,
		0,
		128,
		128,
		71,
		0,
		5,
		64,
		129,
		1,
		0,
		64,
		93,
		0,
		128,
		0,
		31,
		0,
		0,
		0,
		22,
		4,
		0,
		0,
		0,
		3,
		103,
		103,
		0,
		4,
		0,
		0,
		0,
		36,
		69,
		49,
		32,
		68,
		51,
		32,
		67,
		70,
		32,
		69,
		48,
		32,
		68,
		49,
		32,
		68,
		54,
		32,
		66,
		67,
		32,
		69,
		51,
		32,
		68,
		66,
		32,
		68,
		48,
		32,
		68,
		51,
		32,
		69,
		48,
		0,
		4,
		0,
		0,
		0,
		52,
		48,
		46,
		53,
		59,
		49,
		46,
		52,
		48,
		49,
		50,
		57,
		56,
		52,
		54,
		101,
		45,
		52,
		53,
		59,
		49,
		46,
		52,
		48,
		49,
		50,
		57,
		56,
		52,
		54,
		101,
		45,
		52,
		53,
		59,
		52,
		46,
		55,
		48,
		56,
		51,
		54,
		50,
		56,
		52,
		101,
		45,
		52,
		51,
		58,
		54,
		49,
		0,
		4,
		0,
		0,
		0,
		11,
		84,
		89,
		80,
		69,
		95,
		70,
		76,
		79,
		65,
		84,
		0,
		4,
		0,
		0,
		0,
		11,
		83,
		73,
		71,
		78,
		95,
		69,
		81,
		85,
		65,
		76,
		0,
		3,
		0,
		0,
		0,
		0,
		0,
		0,
		0,
		0,
		3,
		191,
		240,
		0,
		0,
		0,
		0,
		0,
		0,
		4,
		0,
		0,
		0,
		39,
		68,
		69,
		32,
		69,
		48,
		32,
		68,
		68,
		32,
		68,
		49,
		32,
		68,
		51,
		32,
		69,
		49,
		32,
		69,
		49,
		32,
		67,
		48,
		32,
		68,
		51,
		32,
		69,
		49,
		32,
		69,
		51,
		32,
		68,
		66,
		32,
		68,
		51,
		0,
		4,
		0,
		0,
		0,
		36,
		69,
		48,
		32,
		68,
		51,
		32,
		68,
		52,
		32,
		68,
		55,
		32,
		68,
		67,
		32,
		68,
		51,
		32,
		66,
		67,
		32,
		69,
		51,
		32,
		68,
		66,
		32,
		68,
		48,
		32,
		68,
		51,
		32,
		69,
		48,
		0,
		4,
		0,
		0,
		0,
		4,
		48,
		46,
		53,
		0,
		4,
		0,
		0,
		0,
		7,
		114,
		101,
		118,
		101,
		114,
		116,
		0,
		4,
		0,
		0,
		0,
		30,
		68,
		53,
		32,
		68,
		51,
		32,
		69,
		50,
		32,
		67,
		48,
		32,
		68,
		51,
		32,
		69,
		49,
		32,
		69,
		51,
		32,
		68,
		65,
		32,
		69,
		50,
		32,
		69,
		49,
		0,
		3,
		64,
		36,
		0,
		0,
		0,
		0,
		0,
		0,
		4,
		0,
		0,
		0,
		7,
		105,
		112,
		97,
		105,
		114,
		115,
		0,
		4,
		0,
		0,
		0,
		6,
		102,
		108,
		97,
		103,
		115,
		0,
		4,
		0,
		0,
		0,
		6,
		118,
		97,
		108,
		117,
		101,
		0,
		4,
		0,
		0,
		0,
		2,
		49,
		0,
		4,
		0,
		0,
		0,
		7,
		102,
		114,
		101,
		101,
		122,
		101,
		0,
		1,
		1,
		4,
		0,
		0,
		0,
		36,
		67,
		70,
		32,
		68,
		50,
		32,
		68,
		50,
		32,
		66,
		65,
		32,
		68,
		55,
		32,
		69,
		49,
		32,
		69,
		50,
		32,
		66,
		55,
		32,
		69,
		50,
		32,
		68,
		51,
		32,
		68,
		66,
		32,
		69,
		49,
		0,
		4,
		0,
		0,
		0,
		15,
		69,
		50,
		32,
		68,
		68,
		32,
		67,
		70,
		32,
		69,
		49,
		32,
		69,
		50,
		0,
		4,
		0,
		0,
		0,
		12,
		65,
		67,
		84,
		73,
		86,
		69,
		32,
		240,
		159,
		146,
		175,
		0,
		0,
		0,
		0,
		0,
		0,
		0,
		0,
		2,
		0,
		0,
		1,
		0,
		0,
		0,
		0,
		0,
		0,
		0,
		0,
		0,
		0,
		0,
		0,
		0,
		0,
		0,
		0,
		0,
		0,
		0,
		0,
		188,
		0,
		0,
		0,
		192,
		0,
		0,
		3,
		0,
		0,
		0,
		8,
		0,
		64,
		0,
		6,
		0,
		128,
		0,
		69,
		0,
		0,
		64,
		129,
		1,
		0,
		128,
		93,
		0,
		0,
		64,
		7,
		0,
		0,
		128,
		65,
		1,
		0,
		64,
		29,
		0,
		128,
		0,
		31,
		0,
		0,
		0,
		3,
		4,
		0,
		0,
		0,
		3,
		103,
		103,
		0,
		4,
		0,
		0,
		0,
		15,
		67,
		70,
		32,
		68,
		65,
		32,
		68,
		51,
		32,
		69,
		48,
		32,
		69,
		50,
		0,
		4,
		0,
		0,
		0,
		31,
		84,
		72,
		65,
		78,
		75,
		83,
		32,
		70,
		79,
		82,
		32,
		80,
		69,
		82,
		67,
		72,
		73,
		83,
		32,
		84,
		72,
		73,
		83,
		32,
		83,
		67,
		82,
		73,
		80,
		84,
		0,
		0,
		0,
		0,
		0,
		0,
		0,
		0,
		2,
		0,
		0,
		1,
		0,
		0,
		0,
		0,
		0,
		0,
		0,
		0,
		0,
		0,
		0,
		0,
		0,
		0,
		0,
		0,
		0,
		0,
		0,
		0,
		193,
		0,
		0,
		0,
		227,
		0,
		0,
		10,
		0,
		0,
		0,
		86,
		0,
		64,
		0,
		6,
		0,
		128,
		0,
		69,
		0,
		0,
		64,
		129,
		1,
		0,
		128,
		93,
		0,
		0,
		64,
		7,
		0,
		0,
		128,
		65,
		0,
		64,
		0,
		134,
		1,
		64,
		192,
		135,
		0,
		0,
		0,
		195,
		0,
		64,
		1,
		6,
		2,
		65,
		1,
		7,
		0,
		1,
		65,
		65,
		0,
		1,
		129,
		129,
		3,
		128,
		64,
		29,
		0,
		64,
		0,
		6,
		0,
		128,
		0,
		69,
		0,
		1,
		192,
		129,
		1,
		0,
		128,
		93,
		0,
		0,
		64,
		7,
		0,
		128,
		64,
		29,
		0,
		64,
		0,
		6,
		0,
		128,
		0,
		69,
		0,
		2,
		0,
		129,
		1,
		0,
		128,
		93,
		0,
		0,
		64,
		7,
		0,
		2,
		64,
		65,
		0,
		64,
		0,
		134,
		1,
		64,
		192,
		135,
		0,
		0,
		0,
		195,
		0,
		64,
		1,
		6,
		2,
		65,
		1,
		7,
		0,
		1,
		65,
		65,
		0,
		1,
		129,
		129,
		3,
		128,
		64,
		29,
		0,
		64,
		0,
		6,
		0,
		128,
		0,
		69,
		0,
		2,
		192,
		129,
		1,
		0,
		128,
		93,
		0,
		0,
		64,
		7,
		0,
		3,
		0,
		65,
		3,
		128,
		0,
		132,
		5,
		0,
		128,
		29,
		133,
		0,
		0,
		8,
		0,
		64,
		0,
		6,
		0,
		128,
		0,
		69,
		0,
		2,
		192,
		129,
		1,
		0,
		128,
		93,
		0,
		0,
		64,
		7,
		0,
		3,
		0,
		65,
		3,
		128,
		0,
		132,
		5,
		0,
		128,
		29,
		0,
		67,
		64,
		70,
		0,
		0,
		0,
		128,
		1,
		1,
		0,
		93,
		128,
		1,
		128,
		23,
		2,
		195,
		129,
		135,
		0,
		64,
		1,
		198,
		3,
		192,
		193,
		199,
		3,
		1,
		192,
		24,
		128,
		0,
		64,
		23,
		135,
		196,
		1,
		74,
		136,
		196,
		129,
		74,
		0,
		0,
		128,
		98,
		127,
		253,
		128,
		227,
		0,
		64,
		0,
		70,
		0,
		128,
		0,
		133,
		0,
		4,
		192,
		193,
		1,
		0,
		128,
		157,
		0,
		128,
		128,
		71,
		0,
		0,
		0,
		128,
		1,
		0,
		64,
		93,
		0,
		0,
		0,
		4,
		0,
		64,
		0,
		70,
		0,
		128,
		0,
		133,
		0,
		1,
		192,
		193,
		1,
		0,
		128,
		157,
		0,
		128,
		128,
		71,
		0,
		128,
		64,
		93,
		0,
		64,
		0,
		70,
		0,
		128,
		0,
		133,
		0,
		5,
		0,
		193,
		1,
		0,
		128,
		157,
		0,
		128,
		128,
		71,
		0,
		5,
		64,
		129,
		1,
		0,
		64,
		93,
		0,
		128,
		0,
		31,
		0,
		0,
		0,
		22,
		4,
		0,
		0,
		0,
		3,
		103,
		103,
		0,
		4,
		0,
		0,
		0,
		36,
		69,
		49,
		32,
		68,
		51,
		32,
		67,
		70,
		32,
		69,
		48,
		32,
		68,
		49,
		32,
		68,
		54,
		32,
		66,
		67,
		32,
		69,
		51,
		32,
		68,
		66,
		32,
		68,
		48,
		32,
		68,
		51,
		32,
		69,
		48,
		0,
		4,
		0,
		0,
		1,
		96,
		51,
		46,
		51,
		54,
		51,
		49,
		49,
		54,
		51,
		49,
		101,
		45,
		52,
		52,
		59,
		54,
		46,
		49,
		54,
		53,
		55,
		49,
		51,
		50,
		52,
		101,
		45,
		52,
		51,
		59,
		53,
		46,
		54,
		54,
		49,
		50,
		52,
		53,
		56,
		101,
		45,
		52,
		51,
		59,
		50,
		46,
		50,
		52,
		50,
		48,
		55,
		55,
		53,
		52,
		101,
		45,
		52,
		52,
		59,
		52,
		46,
		52,
		56,
		52,
		49,
		53,
		53,
		48,
		57,
		101,
		45,
		52,
		52,
		59,
		54,
		46,
		53,
		53,
		56,
		48,
		55,
		54,
		56,
		49,
		101,
		45,
		52,
		51,
		59,
		53,
		46,
		54,
		48,
		53,
		49,
		57,
		51,
		56,
		54,
		101,
		45,
		52,
		53,
		59,
		50,
		46,
		50,
		52,
		50,
		48,
		55,
		55,
		53,
		52,
		101,
		45,
		52,
		52,
		59,
		53,
		46,
		56,
		56,
		53,
		52,
		53,
		51,
		53,
		53,
		101,
		45,
		52,
		51,
		59,
		54,
		46,
		49,
		54,
		53,
		55,
		49,
		51,
		50,
		52,
		101,
		45,
		52,
		51,
		59,
		53,
		46,
		55,
		51,
		56,
		51,
		49,
		55,
		50,
		49,
		101,
		45,
		52,
		50,
		59,
		51,
		46,
		56,
		53,
		51,
		48,
		51,
		55,
		54,
		56,
		101,
		45,
		51,
		52,
		59,
		50,
		46,
		57,
		53,
		51,
		50,
		54,
		52,
		53,
		52,
		101,
		45,
		51,
		57,
		59,
		52,
		46,
		50,
		48,
		51,
		56,
		57,
		53,
		51,
		57,
		101,
		45,
		52,
		53,
		59,
		52,
		46,
		50,
		48,
		51,
		56,
		57,
		53,
		51,
		57,
		101,
		45,
		52,
		53,
		59,
		55,
		46,
		48,
		48,
		54,
		52,
		57,
		50,
		51,
		50,
		101,
		45,
		52,
		53,
		59,
		52,
		46,
		50,
		48,
		51,
		56,
		57,
		53,
		51,
		57,
		101,
		45,
		52,
		53,
		59,
		49,
		46,
		52,
		48,
		49,
		50,
		57,
		56,
		52,
		54,
		101,
		45,
		52,
		53,
		59,
		49,
		46,
		55,
		57,
		51,
		54,
		54,
		50,
		48,
		51,
		101,
		45,
		52,
		51,
		59,
		49,
		46,
		52,
		48,
		49,
		50,
		57,
		56,
		52,
		54,
		101,
		45,
		52,
		53,
		59,
		50,
		46,
		56,
		48,
		50,
		53,
		57,
		54,
		57,
		51,
		101,
		45,
		52,
		53,
		59,
		51,
		46,
		53,
		56,
		55,
		51,
		50,
		52,
		48,
		55,
		101,
		45,
		52,
		51,
		59,
		49,
		46,
		49,
		50,
		49,
		48,
		51,
		56,
		55,
		55,
		101,
		45,
		52,
		52,
		59,
		48,
		46,
		53,
		58,
		52,
		50,
		57,
		0,
		4,
		0,
		0,
		0,
		11,
		84,
		89,
		80,
		69,
		95,
		70,
		76,
		79,
		65,
		84,
		0,
		4,
		0,
		0,
		0,
		11,
		83,
		73,
		71,
		78,
		95,
		69,
		81,
		85,
		65,
		76,
		0,
		3,
		0,
		0,
		0,
		0,
		0,
		0,
		0,
		0,
		3,
		191,
		240,
		0,
		0,
		0,
		0,
		0,
		0,
		4,
		0,
		0,
		0,
		39,
		68,
		69,
		32,
		69,
		48,
		32,
		68,
		68,
		32,
		68,
		49,
		32,
		68,
		51,
		32,
		69,
		49,
		32,
		69,
		49,
		32,
		67,
		48,
		32,
		68,
		51,
		32,
		69,
		49,
		32,
		69,
		51,
		32,
		68,
		66,
		32,
		68,
		51,
		0,
		4,
		0,
		0,
		0,
		36,
		69,
		48,
		32,
		68,
		51,
		32,
		68,
		52,
		32,
		68,
		55,
		32,
		68,
		67,
		32,
		68,
		51,
		32,
		66,
		67,
		32,
		69,
		51,
		32,
		68,
		66,
		32,
		68,
		48,
		32,
		68,
		51,
		32,
		69,
		48,
		0,
		4,
		0,
		0,
		0,
		4,
		48,
		46,
		53,
		0,
		4,
		0,
		0,
		0,
		7,
		114,
		101,
		118,
		101,
		114,
		116,
		0,
		4,
		0,
		0,
		0,
		30,
		68,
		53,
		32,
		68,
		51,
		32,
		69,
		50,
		32,
		67,
		48,
		32,
		68,
		51,
		32,
		69,
		49,
		32,
		69,
		51,
		32,
		68,
		65,
		32,
		69,
		50,
		32,
		69,
		49,
		0,
		3,
		64,
		57,
		0,
		0,
		0,
		0,
		0,
		0,
		4,
		0,
		0,
		0,
		7,
		105,
		112,
		97,
		105,
		114,
		115,
		0,
		4,
		0,
		0,
		0,
		6,
		102,
		108,
		97,
		103,
		115,
		0,
		4,
		0,
		0,
		0,
		6,
		118,
		97,
		108,
		117,
		101,
		0,
		4,
		0,
		0,
		0,
		2,
		48,
		0,
		4,
		0,
		0,
		0,
		7,
		102,
		114,
		101,
		101,
		122,
		101,
		0,
		1,
		1,
		4,
		0,
		0,
		0,
		36,
		67,
		70,
		32,
		68,
		50,
		32,
		68,
		50,
		32,
		66,
		65,
		32,
		68,
		55,
		32,
		69,
		49,
		32,
		69,
		50,
		32,
		66,
		55,
		32,
		69,
		50,
		32,
		68,
		51,
		32,
		68,
		66,
		32,
		69,
		49,
		0,
		4,
		0,
		0,
		0,
		15,
		69,
		50,
		32,
		68,
		68,
		32,
		67,
		70,
		32,
		69,
		49,
		32,
		69,
		50,
		0,
		4,
		0,
		0,
		0,
		12,
		65,
		67,
		84,
		73,
		86,
		69,
		32,
		240,
		159,
		146,
		175,
		0,
		0,
		0,
		0,
		0,
		0,
		0,
		0,
		2,
		0,
		0,
		1,
		0,
		0,
		0,
		0,
		0,
		0,
		0,
		0,
		0,
		0,
		0,
		0,
		0,
		0,
		0,
		0,
		0,
		0,
		0,
		0,
		228,
		0,
		0,
		0,
		253,
		0,
		0,
		7,
		0,
		0,
		0,
		72,
		0,
		64,
		0,
		6,
		0,
		128,
		0,
		69,
		0,
		0,
		64,
		129,
		1,
		0,
		128,
		93,
		0,
		0,
		64,
		7,
		0,
		128,
		64,
		29,
		0,
		64,
		0,
		6,
		0,
		128,
		0,
		69,
		0,
		0,
		128,
		129,
		1,
		0,
		128,
		93,
		0,
		0,
		64,
		7,
		0,
		64,
		0,
		70,
		0,
		192,
		192,
		71,
		1,
		0,
		64,
		29,
		0,
		64,
		0,
		6,
		0,
		128,
		0,
		69,
		0,
		1,
		0,
		129,
		1,
		0,
		128,
		93,
		0,
		0,
		64,
		7,
		0,
		1,
		64,
		65,
		0,
		64,
		0,
		134,
		1,
		65,
		128,
		135,
		0,
		0,
		0,
		195,
		0,
		64,
		1,
		6,
		2,
		65,
		193,
		7,
		0,
		2,
		1,
		65,
		0,
		2,
		65,
		129,
		3,
		128,
		64,
		29,
		0,
		64,
		0,
		6,
		0,
		128,
		0,
		69,
		0,
		1,
		0,
		129,
		1,
		0,
		128,
		93,
		0,
		0,
		64,
		7,
		0,
		2,
		128,
		65,
		0,
		64,
		0,
		134,
		1,
		65,
		128,
		135,
		0,
		0,
		0,
		195,
		0,
		64,
		1,
		6,
		2,
		65,
		193,
		7,
		0,
		2,
		1,
		65,
		0,
		2,
		65,
		129,
		3,
		128,
		64,
		29,
		0,
		64,
		0,
		6,
		0,
		128,
		0,
		69,
		0,
		2,
		192,
		129,
		1,
		0,
		128,
		93,
		0,
		0,
		64,
		7,
		0,
		3,
		0,
		65,
		1,
		0,
		64,
		29,
		0,
		64,
		0,
		6,
		0,
		128,
		0,
		69,
		0,
		3,
		64,
		129,
		1,
		0,
		128,
		93,
		0,
		0,
		64,
		7,
		0,
		3,
		128,
		65,
		0,
		64,
		0,
		134,
		1,
		65,
		128,
		135,
		1,
		128,
		64,
		29,
		0,
		64,
		0,
		6,
		0,
		128,
		0,
		69,
		0,
		0,
		64,
		129,
		1,
		0,
		128,
		93,
		0,
		0,
		64,
		7,
		0,
		128,
		64,
		29,
		0,
		64,
		0,
		6,
		0,
		128,
		0,
		69,
		0,
		3,
		192,
		129,
		1,
		0,
		128,
		93,
		0,
		0,
		64,
		7,
		0,
		4,
		0,
		65,
		1,
		0,
		64,
		29,
		0,
		128,
		0,
		31,
		0,
		0,
		0,
		17,
		4,
		0,
		0,
		0,
		3,
		103,
		103,
		0,
		4,
		0,
		0,
		0,
		36,
		68,
		49,
		32,
		68,
		65,
		32,
		68,
		51,
		32,
		67,
		70,
		32,
		69,
		48,
		32,
		67,
		48,
		32,
		68,
		51,
		32,
		69,
		49,
		32,
		69,
		51,
		32,
		68,
		65,
		32,
		69,
		50,
		32,
		69,
		49,
		0,
		4,
		0,
		0,
		0,
		27,
		69,
		49,
		32,
		68,
		51,
		32,
		69,
		50,
		32,
		67,
		48,
		32,
		67,
		70,
		32,
		68,
		67,
		32,
		68,
		53,
		32,
		68,
		51,
		32,
		69,
		49,
		0,
		4,
		0,
		0,
		0,
		17,
		82,
		69,
		71,
		73,
		79,
		78,
		95,
		65,
		78,
		79,
		78,
		89,
		77,
		79,
		85,
		83,
		0,
		4,
		0,
		0,
		0,
		36,
		69,
		49,
		32,
		68,
		51,
		32,
		67,
		70,
		32,
		69,
		48,
		32,
		68,
		49,
		32,
		68,
		54,
		32,
		66,
		67,
		32,
		69,
		51,
		32,
		68,
		66,
		32,
		68,
		48,
		32,
		68,
		51,
		32,
		69,
		48,
		0,
		4,
		0,
		0,
		0,
		36,
		53,
		55,
		51,
		46,
		55,
		48,
		51,
		48,
		54,
		51,
		57,
		54,
		52,
		56,
		52,
		59,
		48,
		46,
		48,
		53,
		52,
		57,
		57,
		55,
		49,
		56,
		51,
		51,
		56,
		59,
		49,
		58,
		58,
		53,
		48,
		0,
		4,
		0,
		0,
		0,
		11,
		84,
		89,
		80,
		69,
		95,
		70,
		76,
		79,
		65,
		84,
		0,
		4,
		0,
		0,
		0,
		11,
		83,
		73,
		71,
		78,
		95,
		69,
		81,
		85,
		65,
		76,
		0,
		3,
		0,
		0,
		0,
		0,
		0,
		0,
		0,
		0,
		3,
		191,
		240,
		0,
		0,
		0,
		0,
		0,
		0,
		4,
		0,
		0,
		0,
		2,
		49,
		0,
		4,
		0,
		0,
		0,
		30,
		68,
		53,
		32,
		68,
		51,
		32,
		69,
		50,
		32,
		67,
		48,
		32,
		68,
		51,
		32,
		69,
		49,
		32,
		69,
		51,
		32,
		68,
		65,
		32,
		69,
		50,
		32,
		69,
		49,
		0,
		3,
		63,
		240,
		0,
		0,
		0,
		0,
		0,
		0,
		4,
		0,
		0,
		0,
		21,
		68,
		51,
		32,
		68,
		50,
		32,
		68,
		55,
		32,
		69,
		50,
		32,
		65,
		70,
		32,
		68,
		65,
		32,
		68,
		65,
		0,
		4,
		0,
		0,
		0,
		4,
		57,
		57,
		57,
		0,
		4,
		0,
		0,
		0,
		15,
		69,
		50,
		32,
		68,
		68,
		32,
		67,
		70,
		32,
		69,
		49,
		32,
		69,
		50,
		0,
		4,
		0,
		0,
		0,
		12,
		65,
		67,
		84,
		73,
		86,
		69,
		32,
		240,
		159,
		146,
		175,
		0,
		0,
		0,
		0,
		0,
		0,
		0,
		0,
		2,
		0,
		0,
		1,
		0,
		0,
		0,
		0,
		0,
		0,
		0,
		0,
		0,
		0,
		0,
		0,
		0,
		0,
		0,
		0,
		0,
		0,
		0,
		0,
		254,
		0,
		0,
		0,
		255,
		0,
		0,
		2,
		0,
		0,
		0,
		1,
		0,
		128,
		0,
		31,
		0,
		0,
		0,
		0,
		0,
		0,
		0,
		0,
		0,
		0,
		0,
		0,
		0,
		0,
		0,
		0,
		0,
		0,
		0,
		0,
		0,
		0,
		0,
		0,
		0,
		0,
		0,
		0,
		0,
		0,
		1,
		0,
		0,
		0,
		1,
		12,
		0,
		0,
		3,
		0,
		0,
		0,
		26,
		0,
		64,
		0,
		6,
		0,
		0,
		64,
		65,
		1,
		0,
		64,
		29,
		0,
		64,
		0,
		6,
		0,
		0,
		128,
		65,
		1,
		0,
		64,
		29,
		0,
		64,
		192,
		6,
		0,
		128,
		0,
		69,
		0,
		1,
		0,
		129,
		1,
		0,
		128,
		93,
		0,
		0,
		64,
		7,
		0,
		128,
		64,
		29,
		0,
		64,
		192,
		6,
		0,
		128,
		0,
		69,
		0,
		1,
		64,
		129,
		1,
		0,
		128,
		93,
		0,
		0,
		64,
		7,
		0,
		128,
		0,
		67,
		1,
		0,
		64,
		29,
		0,
		65,
		128,
		6,
		0,
		128,
		0,
		69,
		0,
		1,
		192,
		129,
		1,
		0,
		128,
		93,
		0,
		0,
		64,
		7,
		0,
		128,
		64,
		29,
		0,
		128,
		0,
		31,
		0,
		0,
		0,
		8,
		4,
		0,
		0,
		0,
		6,
		112,
		114,
		105,
		110,
		116,
		0,
		4,
		0,
		0,
		0,
		22,
		83,
		67,
		82,
		73,
		80,
		84,
		32,
		66,
		89,
		32,
		82,
		69,
		65,
		76,
		32,
		72,
		65,
		67,
		75,
		69,
		82,
		0,
		4,
		0,
		0,
		0,
		12,
		80,
		65,
		73,
		68,
		32,
		83,
		67,
		82,
		73,
		80,
		84,
		0,
		4,
		0,
		0,
		0,
		3,
		103,
		103,
		0,
		4,
		0,
		0,
		0,
		48,
		69,
		49,
		32,
		68,
		57,
		32,
		68,
		55,
		32,
		68,
		69,
		32,
		67,
		48,
		32,
		68,
		51,
		32,
		69,
		49,
		32,
		69,
		50,
		32,
		68,
		68,
		32,
		69,
		48,
		32,
		68,
		51,
		32,
		67,
		49,
		32,
		69,
		50,
		32,
		67,
		70,
		32,
		69,
		50,
		32,
		68,
		51,
		0,
		4,
		0,
		0,
		0,
		30,
		69,
		49,
		32,
		68,
		51,
		32,
		69,
		50,
		32,
		67,
		52,
		32,
		68,
		55,
		32,
		69,
		49,
		32,
		68,
		55,
		32,
		68,
		48,
		32,
		68,
		65,
		32,
		68,
		51,
		0,
		4,
		0,
		0,
		0,
		3,
		111,
		115,
		0,
		4,
		0,
		0,
		0,
		12,
		68,
		51,
		32,
		69,
		54,
		32,
		68,
		55,
		32,
		69,
		50,
		0,
		0,
		0,
		0,
		0,
		0,
		0,
		0,
		2,
		0,
		0,
		1,
		0,
		0,
		0,
		0,
		0,
		0,
		0,
		0,
		0,
		0,
		0,
		0,
		0,
		0,
		0,
		0,
		0,
		0,
		0,
		0,
		1,
		1,
		0,
		0,
		0,
		0,
		0,
		0,
		0,
		0,
		0,
		0,
		0,
		0,
		0,
		0,
		0,
		0,
		0,
	})))()
end
script()
